"Device","Measurement","Unit","Average","Minimum","Maximum","Timestamp","Value"
"Medidor 4 - ICAS","Potencia activa L3","W",-2197.6856163022844,-11506.8223,0,"2025-03-06T12:47:36.518Z",-1023.3453
"Medidor 4 - ICAS","Potencia activa L3","W",-2197.6856163022844,-11506.8223,0,"2025-03-06T12:48:36.610Z",-675.066
"Medidor 4 - ICAS","Potencia activa L3","W",-2197.6856163022844,-11506.8223,0,"2025-03-06T12:49:36.644Z",-1178.2595
"Medidor 4 - ICAS","Potencia activa L3","W",-2197.6856163022844,-11506.8223,0,"2025-03-06T12:50:36.732Z",-806.5851
"Medidor 4 - ICAS","Potencia activa L3","W",-2197.6856163022844,-11506.8223,0,"2025-03-06T12:51:36.889Z",-1338.4419
"Medidor 4 - ICAS","Potencia activa L3","W",-2197.6856163022844,-11506.8223,0,"2025-03-06T12:52:36.927Z",-1519.5872
"Medidor 4 - ICAS","Potencia activa L3","W",-2197.6856163022844,-11506.8223,0,"2025-03-06T12:53:37.077Z",-1010.2524
"Medidor 4 - ICAS","Potencia activa L3","W",-2197.6856163022844,-11506.8223,0,"2025-03-06T12:54:37.105Z",-1057.7302
"Medidor 4 - ICAS","Potencia activa L3","W",-2197.6856163022844,-11506.8223,0,"2025-03-06T12:55:37.166Z",-645.4006
"Medidor 4 - ICAS","Potencia activa L3","W",-2197.6856163022844,-11506.8223,0,"2025-03-06T12:56:37.330Z",-1076.1533
"Medidor 4 - ICAS","Potencia activa L3","W",-2197.6856163022844,-11506.8223,0,"2025-03-06T12:57:37.365Z",-671.4819
"Medidor 4 - ICAS","Potencia activa L3","W",-2197.6856163022844,-11506.8223,0,"2025-03-06T12:58:37.409Z",-1223.8809
"Medidor 4 - ICAS","Potencia activa L3","W",-2197.6856163022844,-11506.8223,0,"2025-03-06T12:59:37.505Z",-823.8051
"Medidor 4 - ICAS","Potencia activa L3","W",-2197.6856163022844,-11506.8223,0,"2025-03-06T13:00:37.602Z",-1061.0365
"Medidor 4 - ICAS","Potencia activa L3","W",-2197.6856163022844,-11506.8223,0,"2025-03-06T13:01:37.707Z",-717.5179
"Medidor 4 - ICAS","Potencia activa L3","W",-2197.6856163022844,-11506.8223,0,"2025-03-06T13:02:37.819Z",-1096.3627
"Medidor 4 - ICAS","Potencia activa L3","W",-2197.6856163022844,-11506.8223,0,"2025-03-06T13:03:37.887Z",-717.5428
"Medidor 4 - ICAS","Potencia activa L3","W",-2197.6856163022844,-11506.8223,0,"2025-03-06T13:04:37.914Z",-1116.7814
"Medidor 4 - ICAS","Potencia activa L3","W",-2197.6856163022844,-11506.8223,0,"2025-03-06T13:05:37.988Z",-748.5264
"Medidor 4 - ICAS","Potencia activa L3","W",-2197.6856163022844,-11506.8223,0,"2025-03-06T13:06:38.053Z",-1309.28
"Medidor 4 - ICAS","Potencia activa L3","W",-2197.6856163022844,-11506.8223,0,"2025-03-06T13:07:38.189Z",-958.8589
"Medidor 4 - ICAS","Potencia activa L3","W",-2197.6856163022844,-11506.8223,0,"2025-03-06T13:08:38.356Z",-1984.7333
"Medidor 4 - ICAS","Potencia activa L3","W",-2197.6856163022844,-11506.8223,0,"2025-03-06T13:09:38.400Z",-1241.8015
"Medidor 4 - ICAS","Potencia activa L3","W",-2197.6856163022844,-11506.8223,0,"2025-03-06T13:10:38.483Z",-1312.1002
"Medidor 4 - ICAS","Potencia activa L3","W",-2197.6856163022844,-11506.8223,0,"2025-03-06T13:11:38.540Z",-1165.358
"Medidor 4 - ICAS","Potencia activa L3","W",-2197.6856163022844,-11506.8223,0,"2025-03-06T13:12:38.665Z",-1367.624
"Medidor 4 - ICAS","Potencia activa L3","W",-2197.6856163022844,-11506.8223,0,"2025-03-06T13:13:38.752Z",-989.0809
"Medidor 4 - ICAS","Potencia activa L3","W",-2197.6856163022844,-11506.8223,0,"2025-03-06T13:14:38.849Z",-599.5688
"Medidor 4 - ICAS","Potencia activa L3","W",-2197.6856163022844,-11506.8223,0,"2025-03-06T13:15:38.949Z",-1121.5887
"Medidor 4 - ICAS","Potencia activa L3","W",-2197.6856163022844,-11506.8223,0,"2025-03-06T13:16:38.915Z",-1476.7303
"Medidor 4 - ICAS","Potencia activa L3","W",-2197.6856163022844,-11506.8223,0,"2025-03-06T13:17:39.077Z",-1010.7744
"Medidor 4 - ICAS","Potencia activa L3","W",-2197.6856163022844,-11506.8223,0,"2025-03-06T13:18:39.223Z",-1423.4706
"Medidor 4 - ICAS","Potencia activa L3","W",-2197.6856163022844,-11506.8223,0,"2025-03-06T13:19:39.220Z",-1018.8156
"Medidor 4 - ICAS","Potencia activa L3","W",-2197.6856163022844,-11506.8223,0,"2025-03-06T13:20:39.342Z",-624.0613
"Medidor 4 - ICAS","Potencia activa L3","W",-2197.6856163022844,-11506.8223,0,"2025-03-06T13:21:39.418Z",-981.8182
"Medidor 4 - ICAS","Potencia activa L3","W",-2197.6856163022844,-11506.8223,0,"2025-03-06T13:22:39.415Z",-762.0275
"Medidor 4 - ICAS","Potencia activa L3","W",-2197.6856163022844,-11506.8223,0,"2025-03-06T13:23:39.445Z",-1131.7328
"Medidor 4 - ICAS","Potencia activa L3","W",-2197.6856163022844,-11506.8223,0,"2025-03-06T13:24:39.599Z",-931.5139
"Medidor 4 - ICAS","Potencia activa L3","W",-2197.6856163022844,-11506.8223,0,"2025-03-06T13:25:39.702Z",-982.0532
"Medidor 4 - ICAS","Potencia activa L3","W",-2197.6856163022844,-11506.8223,0,"2025-03-06T13:26:39.742Z",-1043.3235
"Medidor 4 - ICAS","Potencia activa L3","W",-2197.6856163022844,-11506.8223,0,"2025-03-06T13:27:39.906Z",-631.0388
"Medidor 4 - ICAS","Potencia activa L3","W",-2197.6856163022844,-11506.8223,0,"2025-03-06T13:28:39.944Z",-1040.1155
"Medidor 4 - ICAS","Potencia activa L3","W",-2197.6856163022844,-11506.8223,0,"2025-03-06T13:29:40.041Z",-634.3481
"Medidor 4 - ICAS","Potencia activa L3","W",-2197.6856163022844,-11506.8223,0,"2025-03-06T13:30:40.120Z",-1119.2657
"Medidor 4 - ICAS","Potencia activa L3","W",-2197.6856163022844,-11506.8223,0,"2025-03-06T13:31:40.170Z",-723.338
"Medidor 4 - ICAS","Potencia activa L3","W",-2197.6856163022844,-11506.8223,0,"2025-03-06T13:32:40.346Z",-1271.4679
"Medidor 4 - ICAS","Potencia activa L3","W",-2197.6856163022844,-11506.8223,0,"2025-03-06T13:33:40.411Z",-723.9581
"Medidor 4 - ICAS","Potencia activa L3","W",-2197.6856163022844,-11506.8223,0,"2025-03-06T13:34:40.536Z",-1154.4393
"Medidor 4 - ICAS","Potencia activa L3","W",-2197.6856163022844,-11506.8223,0,"2025-03-06T13:35:40.589Z",-765.5891
"Medidor 4 - ICAS","Potencia activa L3","W",-2197.6856163022844,-11506.8223,0,"2025-03-06T13:36:40.646Z",-2103.9253
"Medidor 4 - ICAS","Potencia activa L3","W",-2197.6856163022844,-11506.8223,0,"2025-03-06T13:37:40.713Z",-1229.1005
"Medidor 4 - ICAS","Potencia activa L3","W",-2197.6856163022844,-11506.8223,0,"2025-03-06T13:38:40.828Z",-1286.4602
"Medidor 4 - ICAS","Potencia activa L3","W",-2197.6856163022844,-11506.8223,0,"2025-03-06T13:39:40.972Z",-1259.9597
"Medidor 4 - ICAS","Potencia activa L3","W",-2197.6856163022844,-11506.8223,0,"2025-03-06T13:40:40.971Z",-1193.0243
"Medidor 4 - ICAS","Potencia activa L3","W",-2197.6856163022844,-11506.8223,0,"2025-03-06T13:41:41.023Z",-830.3013
"Medidor 4 - ICAS","Potencia activa L3","W",-2197.6856163022844,-11506.8223,0,"2025-03-06T13:42:41.082Z",-1191.5199
"Medidor 4 - ICAS","Potencia activa L3","W",-2197.6856163022844,-11506.8223,0,"2025-03-06T13:43:41.240Z",-982.5671
"Medidor 4 - ICAS","Potencia activa L3","W",-2197.6856163022844,-11506.8223,0,"2025-03-06T13:44:41.252Z",-1350.5043
"Medidor 4 - ICAS","Potencia activa L3","W",-2197.6856163022844,-11506.8223,0,"2025-03-06T13:45:41.382Z",-1403.0988
"Medidor 4 - ICAS","Potencia activa L3","W",-2197.6856163022844,-11506.8223,0,"2025-03-06T13:46:41.371Z",-1372.7814
"Medidor 4 - ICAS","Potencia activa L3","W",-2197.6856163022844,-11506.8223,0,"2025-03-06T13:47:41.521Z",-1893.0543
"Medidor 4 - ICAS","Potencia activa L3","W",-2197.6856163022844,-11506.8223,0,"2025-03-06T13:48:41.560Z",-1625.9434
"Medidor 4 - ICAS","Potencia activa L3","W",-2197.6856163022844,-11506.8223,0,"2025-03-06T13:49:41.595Z",-2082.2639
"Medidor 4 - ICAS","Potencia activa L3","W",-2197.6856163022844,-11506.8223,0,"2025-03-06T13:50:41.732Z",-1668.7208
"Medidor 4 - ICAS","Potencia activa L3","W",-2197.6856163022844,-11506.8223,0,"2025-03-06T13:51:41.873Z",-2187.8384
"Medidor 4 - ICAS","Potencia activa L3","W",-2197.6856163022844,-11506.8223,0,"2025-03-06T13:52:42.023Z",-2099.3203
"Medidor 4 - ICAS","Potencia activa L3","W",-2197.6856163022844,-11506.8223,0,"2025-03-06T13:53:42.056Z",-1475.541
"Medidor 4 - ICAS","Potencia activa L3","W",-2197.6856163022844,-11506.8223,0,"2025-03-06T13:54:42.144Z",-901.02
"Medidor 4 - ICAS","Potencia activa L3","W",-2197.6856163022844,-11506.8223,0,"2025-03-06T13:55:42.247Z",-1268.1385
"Medidor 4 - ICAS","Potencia activa L3","W",-2197.6856163022844,-11506.8223,0,"2025-03-06T13:56:42.349Z",-899.1918
"Medidor 4 - ICAS","Potencia activa L3","W",-2197.6856163022844,-11506.8223,0,"2025-03-06T13:57:42.407Z",-1236.0247
"Medidor 4 - ICAS","Potencia activa L3","W",-2197.6856163022844,-11506.8223,0,"2025-03-06T13:58:42.466Z",-850.3625
"Medidor 4 - ICAS","Potencia activa L3","W",-2197.6856163022844,-11506.8223,0,"2025-03-06T13:59:42.599Z",-1851.5973
"Medidor 4 - ICAS","Potencia activa L3","W",-2197.6856163022844,-11506.8223,0,"2025-03-06T14:00:42.720Z",-1536.1448
"Medidor 4 - ICAS","Potencia activa L3","W",-2197.6856163022844,-11506.8223,0,"2025-03-06T14:01:42.848Z",-1902.204
"Medidor 4 - ICAS","Potencia activa L3","W",-2197.6856163022844,-11506.8223,0,"2025-03-06T14:02:42.847Z",-1585.9697
"Medidor 4 - ICAS","Potencia activa L3","W",-2197.6856163022844,-11506.8223,0,"2025-03-06T14:03:42.993Z",-1768.9965
"Medidor 4 - ICAS","Potencia activa L3","W",-2197.6856163022844,-11506.8223,0,"2025-03-06T14:04:43.130Z",-1853.08
"Medidor 4 - ICAS","Potencia activa L3","W",-2197.6856163022844,-11506.8223,0,"2025-03-06T14:05:43.172Z",-1939.834
"Medidor 4 - ICAS","Potencia activa L3","W",-2197.6856163022844,-11506.8223,0,"2025-03-06T14:06:43.278Z",-1817.5536
"Medidor 4 - ICAS","Potencia activa L3","W",-2197.6856163022844,-11506.8223,0,"2025-03-06T14:07:43.356Z",-1411.1011
"Medidor 4 - ICAS","Potencia activa L3","W",-2197.6856163022844,-11506.8223,0,"2025-03-06T14:08:43.365Z",-1832.7301
"Medidor 4 - ICAS","Potencia activa L3","W",-2197.6856163022844,-11506.8223,0,"2025-03-06T14:09:43.450Z",-2098.4307
"Medidor 4 - ICAS","Potencia activa L3","W",-2197.6856163022844,-11506.8223,0,"2025-03-06T14:10:43.557Z",-2436.2126
"Medidor 4 - ICAS","Potencia activa L3","W",-2197.6856163022844,-11506.8223,0,"2025-03-06T14:11:43.681Z",-1647.473
"Medidor 4 - ICAS","Potencia activa L3","W",-2197.6856163022844,-11506.8223,0,"2025-03-06T14:12:43.738Z",-2255.5962
"Medidor 4 - ICAS","Potencia activa L3","W",-2197.6856163022844,-11506.8223,0,"2025-03-06T14:13:43.866Z",-1267.9954
"Medidor 4 - ICAS","Potencia activa L3","W",-2197.6856163022844,-11506.8223,0,"2025-03-06T14:14:43.931Z",-2040.332
"Medidor 4 - ICAS","Potencia activa L3","W",-2197.6856163022844,-11506.8223,0,"2025-03-06T14:15:43.936Z",-1775.2236
"Medidor 4 - ICAS","Potencia activa L3","W",-2197.6856163022844,-11506.8223,0,"2025-03-06T14:16:44.076Z",-2112.1584
"Medidor 4 - ICAS","Potencia activa L3","W",-2197.6856163022844,-11506.8223,0,"2025-03-06T14:17:44.192Z",-1258.2354
"Medidor 4 - ICAS","Potencia activa L3","W",-2197.6856163022844,-11506.8223,0,"2025-03-06T14:18:44.241Z",-2321.1826
"Medidor 4 - ICAS","Potencia activa L3","W",-2197.6856163022844,-11506.8223,0,"2025-03-06T14:19:44.246Z",-2179.6047
"Medidor 4 - ICAS","Potencia activa L3","W",-2197.6856163022844,-11506.8223,0,"2025-03-06T14:20:44.411Z",-2495.2903
"Medidor 4 - ICAS","Potencia activa L3","W",-2197.6856163022844,-11506.8223,0,"2025-03-06T14:21:44.523Z",-1691.2234
"Medidor 4 - ICAS","Potencia activa L3","W",-2197.6856163022844,-11506.8223,0,"2025-03-06T14:22:44.544Z",-2516.3699
"Medidor 4 - ICAS","Potencia activa L3","W",-2197.6856163022844,-11506.8223,0,"2025-03-06T14:23:44.583Z",-1456.9807
"Medidor 4 - ICAS","Potencia activa L3","W",-2197.6856163022844,-11506.8223,0,"2025-03-06T14:24:44.712Z",-1489.051
"Medidor 4 - ICAS","Potencia activa L3","W",-2197.6856163022844,-11506.8223,0,"2025-03-06T14:25:44.793Z",-1541.499
"Medidor 4 - ICAS","Potencia activa L3","W",-2197.6856163022844,-11506.8223,0,"2025-03-06T14:26:44.901Z",-1150.2708
"Medidor 4 - ICAS","Potencia activa L3","W",-2197.6856163022844,-11506.8223,0,"2025-03-06T14:27:44.899Z",-1706.9148
"Medidor 4 - ICAS","Potencia activa L3","W",-2197.6856163022844,-11506.8223,0,"2025-03-06T14:28:45.006Z",-1304.6471
"Medidor 4 - ICAS","Potencia activa L3","W",-2197.6856163022844,-11506.8223,0,"2025-03-06T14:29:45.000Z",-3441.6211
"Medidor 4 - ICAS","Potencia activa L3","W",-2197.6856163022844,-11506.8223,0,"2025-03-06T14:30:45.103Z",-2365.9121
"Medidor 4 - ICAS","Potencia activa L3","W",-2197.6856163022844,-11506.8223,0,"2025-03-06T14:31:45.210Z",-3452.8757
"Medidor 4 - ICAS","Potencia activa L3","W",-2197.6856163022844,-11506.8223,0,"2025-03-06T14:32:45.347Z",-2753.0605
"Medidor 4 - ICAS","Potencia activa L3","W",-2197.6856163022844,-11506.8223,0,"2025-03-06T14:33:45.395Z",-2551.3179
"Medidor 4 - ICAS","Potencia activa L3","W",-2197.6856163022844,-11506.8223,0,"2025-03-06T14:34:45.496Z",-2199.5581
"Medidor 4 - ICAS","Potencia activa L3","W",-2197.6856163022844,-11506.8223,0,"2025-03-06T14:35:45.546Z",-2395.9192
"Medidor 4 - ICAS","Potencia activa L3","W",-2197.6856163022844,-11506.8223,0,"2025-03-06T14:36:45.655Z",-2719.9209
"Medidor 4 - ICAS","Potencia activa L3","W",-2197.6856163022844,-11506.8223,0,"2025-03-06T14:37:45.746Z",-2701.1414
"Medidor 4 - ICAS","Potencia activa L3","W",-2197.6856163022844,-11506.8223,0,"2025-03-06T14:38:45.801Z",-1924.0936
"Medidor 4 - ICAS","Potencia activa L3","W",-2197.6856163022844,-11506.8223,0,"2025-03-06T14:39:45.882Z",-2971.9185
"Medidor 4 - ICAS","Potencia activa L3","W",-2197.6856163022844,-11506.8223,0,"2025-03-06T14:40:45.966Z",-2509.665
"Medidor 4 - ICAS","Potencia activa L3","W",-2197.6856163022844,-11506.8223,0,"2025-03-06T14:41:46.160Z",-2692.8367
"Medidor 4 - ICAS","Potencia activa L3","W",-2197.6856163022844,-11506.8223,0,"2025-03-06T14:42:46.193Z",-2402.3186
"Medidor 4 - ICAS","Potencia activa L3","W",-2197.6856163022844,-11506.8223,0,"2025-03-06T14:43:46.234Z",-2153.188
"Medidor 4 - ICAS","Potencia activa L3","W",-2197.6856163022844,-11506.8223,0,"2025-03-06T14:44:46.351Z",-2217.2844
"Medidor 4 - ICAS","Potencia activa L3","W",-2197.6856163022844,-11506.8223,0,"2025-03-06T14:45:46.410Z",-2269.4761
"Medidor 4 - ICAS","Potencia activa L3","W",-2197.6856163022844,-11506.8223,0,"2025-03-06T14:46:46.450Z",-2358.1355
"Medidor 4 - ICAS","Potencia activa L3","W",-2197.6856163022844,-11506.8223,0,"2025-03-06T14:47:46.625Z",-1921.7015
"Medidor 4 - ICAS","Potencia activa L3","W",-2197.6856163022844,-11506.8223,0,"2025-03-06T14:48:46.652Z",-2333.6545
"Medidor 4 - ICAS","Potencia activa L3","W",-2197.6856163022844,-11506.8223,0,"2025-03-06T14:49:46.810Z",-2573.8057
"Medidor 4 - ICAS","Potencia activa L3","W",-2197.6856163022844,-11506.8223,0,"2025-03-06T14:50:46.932Z",-2882.9658
"Medidor 4 - ICAS","Potencia activa L3","W",-2197.6856163022844,-11506.8223,0,"2025-03-06T14:51:47.010Z",-2471.188
"Medidor 4 - ICAS","Potencia activa L3","W",-2197.6856163022844,-11506.8223,0,"2025-03-06T14:52:47.076Z",-2973.4785
"Medidor 4 - ICAS","Potencia activa L3","W",-2197.6856163022844,-11506.8223,0,"2025-03-06T14:53:47.202Z",-2011.7023
"Medidor 4 - ICAS","Potencia activa L3","W",-2197.6856163022844,-11506.8223,0,"2025-03-06T14:54:47.336Z",-2380.3103
"Medidor 4 - ICAS","Potencia activa L3","W",-2197.6856163022844,-11506.8223,0,"2025-03-06T14:55:47.321Z",-2013.7604
"Medidor 4 - ICAS","Potencia activa L3","W",-2197.6856163022844,-11506.8223,0,"2025-03-06T14:56:47.440Z",-2256.1489
"Medidor 4 - ICAS","Potencia activa L3","W",-2197.6856163022844,-11506.8223,0,"2025-03-06T14:57:47.523Z",-1907.3375
"Medidor 4 - ICAS","Potencia activa L3","W",-2197.6856163022844,-11506.8223,0,"2025-03-06T14:58:47.532Z",-2561.147
"Medidor 4 - ICAS","Potencia activa L3","W",-2197.6856163022844,-11506.8223,0,"2025-03-06T14:59:47.710Z",-2667.0986
"Medidor 4 - ICAS","Potencia activa L3","W",-2197.6856163022844,-11506.8223,0,"2025-03-06T15:00:47.745Z",-3413.895
"Medidor 4 - ICAS","Potencia activa L3","W",-2197.6856163022844,-11506.8223,0,"2025-03-06T15:01:47.864Z",-3129.8911
"Medidor 4 - ICAS","Potencia activa L3","W",-2197.6856163022844,-11506.8223,0,"2025-03-06T15:02:47.893Z",-3698.1589
"Medidor 4 - ICAS","Potencia activa L3","W",-2197.6856163022844,-11506.8223,0,"2025-03-06T15:03:47.935Z",-2733.7815
"Medidor 4 - ICAS","Potencia activa L3","W",-2197.6856163022844,-11506.8223,0,"2025-03-06T15:04:48.095Z",-2950.1145
"Medidor 4 - ICAS","Potencia activa L3","W",-2197.6856163022844,-11506.8223,0,"2025-03-06T15:05:48.108Z",-2969.8438
"Medidor 4 - ICAS","Potencia activa L3","W",-2197.6856163022844,-11506.8223,0,"2025-03-06T15:06:48.244Z",-2723.4385
"Medidor 4 - ICAS","Potencia activa L3","W",-2197.6856163022844,-11506.8223,0,"2025-03-06T15:07:48.324Z",-2961.9858
"Medidor 4 - ICAS","Potencia activa L3","W",-2197.6856163022844,-11506.8223,0,"2025-03-06T15:08:48.348Z",-2574.5261
"Medidor 4 - ICAS","Potencia activa L3","W",-2197.6856163022844,-11506.8223,0,"2025-03-06T15:09:48.527Z",-3620.0537
"Medidor 4 - ICAS","Potencia activa L3","W",-2197.6856163022844,-11506.8223,0,"2025-03-06T15:10:48.564Z",-3209.9121
"Medidor 4 - ICAS","Potencia activa L3","W",-2197.6856163022844,-11506.8223,0,"2025-03-06T15:11:48.653Z",-3594.3892
"Medidor 4 - ICAS","Potencia activa L3","W",-2197.6856163022844,-11506.8223,0,"2025-03-06T15:12:48.784Z",-3254.4731
"Medidor 4 - ICAS","Potencia activa L3","W",-2197.6856163022844,-11506.8223,0,"2025-03-06T15:13:48.808Z",-3007.6558
"Medidor 4 - ICAS","Potencia activa L3","W",-2197.6856163022844,-11506.8223,0,"2025-03-06T15:14:48.883Z",-2594.4722
"Medidor 4 - ICAS","Potencia activa L3","W",-2197.6856163022844,-11506.8223,0,"2025-03-06T15:15:48.920Z",-3163.4617
"Medidor 4 - ICAS","Potencia activa L3","W",-2197.6856163022844,-11506.8223,0,"2025-03-06T15:16:49.068Z",-2802.2212
"Medidor 4 - ICAS","Potencia activa L3","W",-2197.6856163022844,-11506.8223,0,"2025-03-06T15:17:49.198Z",-3148.9082
"Medidor 4 - ICAS","Potencia activa L3","W",-2197.6856163022844,-11506.8223,0,"2025-03-06T15:18:49.324Z",-2785.8857
"Medidor 4 - ICAS","Potencia activa L3","W",-2197.6856163022844,-11506.8223,0,"2025-03-06T15:19:49.392Z",-4195.2168
"Medidor 4 - ICAS","Potencia activa L3","W",-2197.6856163022844,-11506.8223,0,"2025-03-06T15:20:49.380Z",-3773.4536
"Medidor 4 - ICAS","Potencia activa L3","W",-2197.6856163022844,-11506.8223,0,"2025-03-06T15:21:49.535Z",-4412.9937
"Medidor 4 - ICAS","Potencia activa L3","W",-2197.6856163022844,-11506.8223,0,"2025-03-06T15:22:49.604Z",-4544.2891
"Medidor 4 - ICAS","Potencia activa L3","W",-2197.6856163022844,-11506.8223,0,"2025-03-06T15:23:49.781Z",-3666.0117
"Medidor 4 - ICAS","Potencia activa L3","W",-2197.6856163022844,-11506.8223,0,"2025-03-06T15:24:49.812Z",-3909.2542
"Medidor 4 - ICAS","Potencia activa L3","W",-2197.6856163022844,-11506.8223,0,"2025-03-06T15:25:49.925Z",-3304.3582
"Medidor 4 - ICAS","Potencia activa L3","W",-2197.6856163022844,-11506.8223,0,"2025-03-06T15:26:49.980Z",-3064.1177
"Medidor 4 - ICAS","Potencia activa L3","W",-2197.6856163022844,-11506.8223,0,"2025-03-06T15:27:50.033Z",-3228.4836
"Medidor 4 - ICAS","Potencia activa L3","W",-2197.6856163022844,-11506.8223,0,"2025-03-06T15:28:50.123Z",-3458.2622
"Medidor 4 - ICAS","Potencia activa L3","W",-2197.6856163022844,-11506.8223,0,"2025-03-06T15:29:50.307Z",-3983.8953
"Medidor 4 - ICAS","Potencia activa L3","W",-2197.6856163022844,-11506.8223,0,"2025-03-06T15:30:50.443Z",-4152.2002
"Medidor 4 - ICAS","Potencia activa L3","W",-2197.6856163022844,-11506.8223,0,"2025-03-06T15:31:50.460Z",-4072.5566
"Medidor 4 - ICAS","Potencia activa L3","W",-2197.6856163022844,-11506.8223,0,"2025-03-06T15:32:50.523Z",-4000.4358
"Medidor 4 - ICAS","Potencia activa L3","W",-2197.6856163022844,-11506.8223,0,"2025-03-06T15:33:50.635Z",-2998.176
"Medidor 4 - ICAS","Potencia activa L3","W",-2197.6856163022844,-11506.8223,0,"2025-03-06T15:34:50.693Z",-3537.3867
"Medidor 4 - ICAS","Potencia activa L3","W",-2197.6856163022844,-11506.8223,0,"2025-03-06T15:35:50.752Z",-3886.4009
"Medidor 4 - ICAS","Potencia activa L3","W",-2197.6856163022844,-11506.8223,0,"2025-03-06T15:36:50.862Z",-3540.3711
"Medidor 4 - ICAS","Potencia activa L3","W",-2197.6856163022844,-11506.8223,0,"2025-03-06T15:37:50.886Z",-3141.2307
"Medidor 4 - ICAS","Potencia activa L3","W",-2197.6856163022844,-11506.8223,0,"2025-03-06T15:38:51.023Z",-3583.4116
"Medidor 4 - ICAS","Potencia activa L3","W",-2197.6856163022844,-11506.8223,0,"2025-03-06T15:39:51.039Z",-3115.8003
"Medidor 4 - ICAS","Potencia activa L3","W",-2197.6856163022844,-11506.8223,0,"2025-03-06T15:40:51.154Z",-3533.4031
"Medidor 4 - ICAS","Potencia activa L3","W",-2197.6856163022844,-11506.8223,0,"2025-03-06T15:41:51.242Z",-3264.3403
"Medidor 4 - ICAS","Potencia activa L3","W",-2197.6856163022844,-11506.8223,0,"2025-03-06T15:42:51.355Z",-3718.9939
"Medidor 4 - ICAS","Potencia activa L3","W",-2197.6856163022844,-11506.8223,0,"2025-03-06T15:43:51.435Z",-3318.0029
"Medidor 4 - ICAS","Potencia activa L3","W",-2197.6856163022844,-11506.8223,0,"2025-03-06T15:44:51.465Z",-3679.469
"Medidor 4 - ICAS","Potencia activa L3","W",-2197.6856163022844,-11506.8223,0,"2025-03-06T15:45:51.606Z",-3304.5659
"Medidor 4 - ICAS","Potencia activa L3","W",-2197.6856163022844,-11506.8223,0,"2025-03-06T15:46:51.646Z",-3705.2415
"Medidor 4 - ICAS","Potencia activa L3","W",-2197.6856163022844,-11506.8223,0,"2025-03-06T15:47:51.769Z",-3194.7463
"Medidor 4 - ICAS","Potencia activa L3","W",-2197.6856163022844,-11506.8223,0,"2025-03-06T15:48:51.847Z",-3366.0635
"Medidor 4 - ICAS","Potencia activa L3","W",-2197.6856163022844,-11506.8223,0,"2025-03-06T15:49:51.940Z",-2352.175
"Medidor 4 - ICAS","Potencia activa L3","W",-2197.6856163022844,-11506.8223,0,"2025-03-06T15:50:52.040Z",-3003.8726
"Medidor 4 - ICAS","Potencia activa L3","W",-2197.6856163022844,-11506.8223,0,"2025-03-06T15:51:52.115Z",-3444.3784
"Medidor 4 - ICAS","Potencia activa L3","W",-2197.6856163022844,-11506.8223,0,"2025-03-06T15:52:52.141Z",-3588.749
"Medidor 4 - ICAS","Potencia activa L3","W",-2197.6856163022844,-11506.8223,0,"2025-03-06T15:53:52.162Z",-3163.7307
"Medidor 4 - ICAS","Potencia activa L3","W",-2197.6856163022844,-11506.8223,0,"2025-03-06T15:54:52.286Z",-3622.3865
"Medidor 4 - ICAS","Potencia activa L3","W",-2197.6856163022844,-11506.8223,0,"2025-03-06T15:55:52.402Z",-3378.4216
"Medidor 4 - ICAS","Potencia activa L3","W",-2197.6856163022844,-11506.8223,0,"2025-03-06T15:56:52.516Z",-3522.9504
"Medidor 4 - ICAS","Potencia activa L3","W",-2197.6856163022844,-11506.8223,0,"2025-03-06T15:57:52.653Z",-3154.3237
"Medidor 4 - ICAS","Potencia activa L3","W",-2197.6856163022844,-11506.8223,0,"2025-03-06T15:58:52.734Z",-3525.2952
"Medidor 4 - ICAS","Potencia activa L3","W",-2197.6856163022844,-11506.8223,0,"2025-03-06T15:59:52.678Z",-2786.1716
"Medidor 4 - ICAS","Potencia activa L3","W",-2197.6856163022844,-11506.8223,0,"2025-03-06T16:00:52.765Z",-3172.2629
"Medidor 4 - ICAS","Potencia activa L3","W",-2197.6856163022844,-11506.8223,0,"2025-03-06T16:01:52.912Z",-3070.4805
"Medidor 4 - ICAS","Potencia activa L3","W",-2197.6856163022844,-11506.8223,0,"2025-03-06T16:02:53.036Z",-2894.0747
"Medidor 4 - ICAS","Potencia activa L3","W",-2197.6856163022844,-11506.8223,0,"2025-03-06T16:03:53.062Z",-3756.5969
"Medidor 4 - ICAS","Potencia activa L3","W",-2197.6856163022844,-11506.8223,0,"2025-03-06T16:04:53.201Z",-3042.4316
"Medidor 4 - ICAS","Potencia activa L3","W",-2197.6856163022844,-11506.8223,0,"2025-03-06T16:05:53.317Z",-3026.8445
"Medidor 4 - ICAS","Potencia activa L3","W",-2197.6856163022844,-11506.8223,0,"2025-03-06T16:06:53.395Z",-2622.3628
"Medidor 4 - ICAS","Potencia activa L3","W",-2197.6856163022844,-11506.8223,0,"2025-03-06T16:07:53.465Z",-2829.127
"Medidor 4 - ICAS","Potencia activa L3","W",-2197.6856163022844,-11506.8223,0,"2025-03-06T16:08:53.552Z",-2279.8477
"Medidor 4 - ICAS","Potencia activa L3","W",-2197.6856163022844,-11506.8223,0,"2025-03-06T16:09:53.681Z",-2814.896
"Medidor 4 - ICAS","Potencia activa L3","W",-2197.6856163022844,-11506.8223,0,"2025-03-06T16:10:53.735Z",-2423.4463
"Medidor 4 - ICAS","Potencia activa L3","W",-2197.6856163022844,-11506.8223,0,"2025-03-06T16:11:53.833Z",-2832.9785
"Medidor 4 - ICAS","Potencia activa L3","W",-2197.6856163022844,-11506.8223,0,"2025-03-06T16:12:53.971Z",-2385.7639
"Medidor 4 - ICAS","Potencia activa L3","W",-2197.6856163022844,-11506.8223,0,"2025-03-06T16:13:54.061Z",-2798.4502
"Medidor 4 - ICAS","Potencia activa L3","W",-2197.6856163022844,-11506.8223,0,"2025-03-06T16:14:54.138Z",-2573.7478
"Medidor 4 - ICAS","Potencia activa L3","W",-2197.6856163022844,-11506.8223,0,"2025-03-06T16:15:54.232Z",-3032.2727
"Medidor 4 - ICAS","Potencia activa L3","W",-2197.6856163022844,-11506.8223,0,"2025-03-06T16:16:54.362Z",-2518.8254
"Medidor 4 - ICAS","Potencia activa L3","W",-2197.6856163022844,-11506.8223,0,"2025-03-06T16:17:54.501Z",-2327.2563
"Medidor 4 - ICAS","Potencia activa L3","W",-2197.6856163022844,-11506.8223,0,"2025-03-06T16:18:54.530Z",-1947.4305
"Medidor 4 - ICAS","Potencia activa L3","W",-2197.6856163022844,-11506.8223,0,"2025-03-06T16:19:54.625Z",-2181.3767
"Medidor 4 - ICAS","Potencia activa L3","W",-2197.6856163022844,-11506.8223,0,"2025-03-06T16:20:54.700Z",-1778.7246
"Medidor 4 - ICAS","Potencia activa L3","W",-2197.6856163022844,-11506.8223,0,"2025-03-06T16:21:54.769Z",-2155.4014
"Medidor 4 - ICAS","Potencia activa L3","W",-2197.6856163022844,-11506.8223,0,"2025-03-06T16:22:54.828Z",-2042.0172
"Medidor 4 - ICAS","Potencia activa L3","W",-2197.6856163022844,-11506.8223,0,"2025-03-06T16:23:54.849Z",-3033.386
"Medidor 4 - ICAS","Potencia activa L3","W",-2197.6856163022844,-11506.8223,0,"2025-03-06T16:24:54.967Z",-2656.1885
"Medidor 4 - ICAS","Potencia activa L3","W",-2197.6856163022844,-11506.8223,0,"2025-03-06T16:25:55.059Z",-2454.363
"Medidor 4 - ICAS","Potencia activa L3","W",-2197.6856163022844,-11506.8223,0,"2025-03-06T16:26:55.126Z",-1926.5594
"Medidor 4 - ICAS","Potencia activa L3","W",-2197.6856163022844,-11506.8223,0,"2025-03-06T16:27:55.254Z",-2294.9739
"Medidor 4 - ICAS","Potencia activa L3","W",-2197.6856163022844,-11506.8223,0,"2025-03-06T16:28:55.307Z",-2800.8618
"Medidor 4 - ICAS","Potencia activa L3","W",-2197.6856163022844,-11506.8223,0,"2025-03-06T16:29:55.433Z",-3123.4009
"Medidor 4 - ICAS","Potencia activa L3","W",-2197.6856163022844,-11506.8223,0,"2025-03-06T16:30:55.531Z",-3431.9358
"Medidor 4 - ICAS","Potencia activa L3","W",-2197.6856163022844,-11506.8223,0,"2025-03-06T16:31:55.607Z",-2465.2495
"Medidor 4 - ICAS","Potencia activa L3","W",-2197.6856163022844,-11506.8223,0,"2025-03-06T16:32:55.715Z",-2172.7251
"Medidor 4 - ICAS","Potencia activa L3","W",-2197.6856163022844,-11506.8223,0,"2025-03-06T16:33:55.761Z",-2468.5806
"Medidor 4 - ICAS","Potencia activa L3","W",-2197.6856163022844,-11506.8223,0,"2025-03-06T16:34:55.886Z",-3277.4597
"Medidor 4 - ICAS","Potencia activa L3","W",-2197.6856163022844,-11506.8223,0,"2025-03-06T16:35:56.005Z",-3096.9177
"Medidor 4 - ICAS","Potencia activa L3","W",-2197.6856163022844,-11506.8223,0,"2025-03-06T16:36:56.109Z",-3541.5774
"Medidor 4 - ICAS","Potencia activa L3","W",-2197.6856163022844,-11506.8223,0,"2025-03-06T16:37:56.177Z",-3340.6636
"Medidor 4 - ICAS","Potencia activa L3","W",-2197.6856163022844,-11506.8223,0,"2025-03-06T16:38:56.291Z",-2731.2666
"Medidor 4 - ICAS","Potencia activa L3","W",-2197.6856163022844,-11506.8223,0,"2025-03-06T16:39:56.420Z",-2986.3921
"Medidor 4 - ICAS","Potencia activa L3","W",-2197.6856163022844,-11506.8223,0,"2025-03-06T16:40:56.478Z",-3284.2954
"Medidor 4 - ICAS","Potencia activa L3","W",-2197.6856163022844,-11506.8223,0,"2025-03-06T16:41:56.615Z",-3559.5542
"Medidor 4 - ICAS","Potencia activa L3","W",-2197.6856163022844,-11506.8223,0,"2025-03-06T16:42:56.693Z",-3895.1973
"Medidor 4 - ICAS","Potencia activa L3","W",-2197.6856163022844,-11506.8223,0,"2025-03-06T16:43:56.836Z",-3011.835
"Medidor 4 - ICAS","Potencia activa L3","W",-2197.6856163022844,-11506.8223,0,"2025-03-06T16:44:56.866Z",-3983.6182
"Medidor 4 - ICAS","Potencia activa L3","W",-2197.6856163022844,-11506.8223,0,"2025-03-06T16:45:56.975Z",-2651.6331
"Medidor 4 - ICAS","Potencia activa L3","W",-2197.6856163022844,-11506.8223,0,"2025-03-06T16:46:57.020Z",-3330.6582
"Medidor 4 - ICAS","Potencia activa L3","W",-2197.6856163022844,-11506.8223,0,"2025-03-06T16:47:57.086Z",-2921.1855
"Medidor 4 - ICAS","Potencia activa L3","W",-2197.6856163022844,-11506.8223,0,"2025-03-06T16:48:57.187Z",-3641.9854
"Medidor 4 - ICAS","Potencia activa L3","W",-2197.6856163022844,-11506.8223,0,"2025-03-06T16:49:57.350Z",-3449.186
"Medidor 4 - ICAS","Potencia activa L3","W",-2197.6856163022844,-11506.8223,0,"2025-03-06T16:50:57.407Z",-3839.0415
"Medidor 4 - ICAS","Potencia activa L3","W",-2197.6856163022844,-11506.8223,0,"2025-03-06T16:51:57.476Z",-2329.8013
"Medidor 4 - ICAS","Potencia activa L3","W",-2197.6856163022844,-11506.8223,0,"2025-03-06T16:52:57.555Z",-2787.4368
"Medidor 4 - ICAS","Potencia activa L3","W",-2197.6856163022844,-11506.8223,0,"2025-03-06T16:53:57.676Z",-2379.4109
"Medidor 4 - ICAS","Potencia activa L3","W",-2197.6856163022844,-11506.8223,0,"2025-03-06T16:54:57.734Z",-3335.7085
"Medidor 4 - ICAS","Potencia activa L3","W",-2197.6856163022844,-11506.8223,0,"2025-03-06T16:55:57.900Z",-3068.2476
"Medidor 4 - ICAS","Potencia activa L3","W",-2197.6856163022844,-11506.8223,0,"2025-03-06T16:56:57.909Z",-3151.8398
"Medidor 4 - ICAS","Potencia activa L3","W",-2197.6856163022844,-11506.8223,0,"2025-03-06T16:57:58.038Z",-2584.9331
"Medidor 4 - ICAS","Potencia activa L3","W",-2197.6856163022844,-11506.8223,0,"2025-03-06T16:58:58.101Z",-2918.8708
"Medidor 4 - ICAS","Potencia activa L3","W",-2197.6856163022844,-11506.8223,0,"2025-03-06T16:59:58.273Z",-2454.5884
"Medidor 4 - ICAS","Potencia activa L3","W",-2197.6856163022844,-11506.8223,0,"2025-03-06T17:00:58.342Z",-3837.4949
"Medidor 4 - ICAS","Potencia activa L3","W",-2197.6856163022844,-11506.8223,0,"2025-03-06T17:01:58.378Z",-3290.2603
"Medidor 4 - ICAS","Potencia activa L3","W",-2197.6856163022844,-11506.8223,0,"2025-03-06T17:02:58.537Z",-3239.6133
"Medidor 4 - ICAS","Potencia activa L3","W",-2197.6856163022844,-11506.8223,0,"2025-03-06T17:03:58.598Z",-3282.7126
"Medidor 4 - ICAS","Potencia activa L3","W",-2197.6856163022844,-11506.8223,0,"2025-03-06T17:04:58.703Z",-2750.4099
"Medidor 4 - ICAS","Potencia activa L3","W",-2197.6856163022844,-11506.8223,0,"2025-03-06T17:05:58.803Z",-2551.1892
"Medidor 4 - ICAS","Potencia activa L3","W",-2197.6856163022844,-11506.8223,0,"2025-03-06T17:06:58.761Z",-2923.9985
"Medidor 4 - ICAS","Potencia activa L3","W",-2197.6856163022844,-11506.8223,0,"2025-03-06T17:07:58.905Z",-2922.655
"Medidor 4 - ICAS","Potencia activa L3","W",-2197.6856163022844,-11506.8223,0,"2025-03-06T17:08:58.946Z",-3245.637
"Medidor 4 - ICAS","Potencia activa L3","W",-2197.6856163022844,-11506.8223,0,"2025-03-06T17:09:59.249Z",-3689.0493
"Medidor 4 - ICAS","Potencia activa L3","W",-2197.6856163022844,-11506.8223,0,"2025-03-06T17:10:59.204Z",-2581.9878
"Medidor 4 - ICAS","Potencia activa L3","W",-2197.6856163022844,-11506.8223,0,"2025-03-06T17:11:59.252Z",-2738.8357
"Medidor 4 - ICAS","Potencia activa L3","W",-2197.6856163022844,-11506.8223,0,"2025-03-06T17:12:59.402Z",-3109.5132
"Medidor 4 - ICAS","Potencia activa L3","W",-2197.6856163022844,-11506.8223,0,"2025-03-06T17:13:59.446Z",-3006.8494
"Medidor 4 - ICAS","Potencia activa L3","W",-2197.6856163022844,-11506.8223,0,"2025-03-06T17:14:59.581Z",-3394.6646
"Medidor 4 - ICAS","Potencia activa L3","W",-2197.6856163022844,-11506.8223,0,"2025-03-06T17:15:59.699Z",-3000.0291
"Medidor 4 - ICAS","Potencia activa L3","W",-2197.6856163022844,-11506.8223,0,"2025-03-06T17:16:59.824Z",-3235.9568
"Medidor 4 - ICAS","Potencia activa L3","W",-2197.6856163022844,-11506.8223,0,"2025-03-06T17:17:59.760Z",-2865.3467
"Medidor 4 - ICAS","Potencia activa L3","W",-2197.6856163022844,-11506.8223,0,"2025-03-06T17:18:59.907Z",-2515.7952
"Medidor 4 - ICAS","Potencia activa L3","W",-2197.6856163022844,-11506.8223,0,"2025-03-06T17:20:00.025Z",-2103.9385
"Medidor 4 - ICAS","Potencia activa L3","W",-2197.6856163022844,-11506.8223,0,"2025-03-06T17:21:00.134Z",-3196.0815
"Medidor 4 - ICAS","Potencia activa L3","W",-2197.6856163022844,-11506.8223,0,"2025-03-06T17:22:00.218Z",-2964.814
"Medidor 4 - ICAS","Potencia activa L3","W",-2197.6856163022844,-11506.8223,0,"2025-03-06T17:23:00.293Z",-3340.0835
"Medidor 4 - ICAS","Potencia activa L3","W",-2197.6856163022844,-11506.8223,0,"2025-03-06T17:24:00.362Z",-2605.6882
"Medidor 4 - ICAS","Potencia activa L3","W",-2197.6856163022844,-11506.8223,0,"2025-03-06T17:25:00.414Z",-2935.6521
"Medidor 4 - ICAS","Potencia activa L3","W",-2197.6856163022844,-11506.8223,0,"2025-03-06T17:26:00.542Z",-2918.5664
"Medidor 4 - ICAS","Potencia activa L3","W",-2197.6856163022844,-11506.8223,0,"2025-03-06T17:27:00.577Z",-3456.9922
"Medidor 4 - ICAS","Potencia activa L3","W",-2197.6856163022844,-11506.8223,0,"2025-03-06T17:28:00.640Z",-3042.3662
"Medidor 4 - ICAS","Potencia activa L3","W",-2197.6856163022844,-11506.8223,0,"2025-03-06T17:29:00.757Z",-3433.7129
"Medidor 4 - ICAS","Potencia activa L3","W",-2197.6856163022844,-11506.8223,0,"2025-03-06T17:30:00.788Z",-2608.2913
"Medidor 4 - ICAS","Potencia activa L3","W",-2197.6856163022844,-11506.8223,0,"2025-03-06T17:31:00.896Z",-2907.8545
"Medidor 4 - ICAS","Potencia activa L3","W",-2197.6856163022844,-11506.8223,0,"2025-03-06T17:32:00.954Z",-3206.4478
"Medidor 4 - ICAS","Potencia activa L3","W",-2197.6856163022844,-11506.8223,0,"2025-03-06T17:33:01.065Z",-3634.2891
"Medidor 4 - ICAS","Potencia activa L3","W",-2197.6856163022844,-11506.8223,0,"2025-03-06T17:34:01.074Z",-3071.3579
"Medidor 4 - ICAS","Potencia activa L3","W",-2197.6856163022844,-11506.8223,0,"2025-03-06T17:35:01.140Z",-3421.1689
"Medidor 4 - ICAS","Potencia activa L3","W",-2197.6856163022844,-11506.8223,0,"2025-03-06T17:36:01.278Z",-2201.2437
"Medidor 4 - ICAS","Potencia activa L3","W",-2197.6856163022844,-11506.8223,0,"2025-03-06T17:37:01.287Z",-2557.512
"Medidor 4 - ICAS","Potencia activa L3","W",-2197.6856163022844,-11506.8223,0,"2025-03-06T17:38:01.483Z",-2315.2886
"Medidor 4 - ICAS","Potencia activa L3","W",-2197.6856163022844,-11506.8223,0,"2025-03-06T17:39:01.565Z",-3578.208
"Medidor 4 - ICAS","Potencia activa L3","W",-2197.6856163022844,-11506.8223,0,"2025-03-06T17:40:01.728Z",-3458.7656
"Medidor 4 - ICAS","Potencia activa L3","W",-2197.6856163022844,-11506.8223,0,"2025-03-06T17:41:01.690Z",-2703.4907
"Medidor 4 - ICAS","Potencia activa L3","W",-2197.6856163022844,-11506.8223,0,"2025-03-06T17:42:01.859Z",-2763.0564
"Medidor 4 - ICAS","Potencia activa L3","W",-2197.6856163022844,-11506.8223,0,"2025-03-06T17:43:02.046Z",-2796.7859
"Medidor 4 - ICAS","Potencia activa L3","W",-2197.6856163022844,-11506.8223,0,"2025-03-06T17:44:01.955Z",-2856.2861
"Medidor 4 - ICAS","Potencia activa L3","W",-2197.6856163022844,-11506.8223,0,"2025-03-06T17:45:01.985Z",-2460.593
"Medidor 4 - ICAS","Potencia activa L3","W",-2197.6856163022844,-11506.8223,0,"2025-03-06T17:46:02.218Z",-2504.0647
"Medidor 4 - ICAS","Potencia activa L3","W",-2197.6856163022844,-11506.8223,0,"2025-03-06T17:47:02.380Z",-3790.2925
"Medidor 4 - ICAS","Potencia activa L3","W",-2197.6856163022844,-11506.8223,0,"2025-03-06T17:48:02.468Z",-3085.2827
"Medidor 4 - ICAS","Potencia activa L3","W",-2197.6856163022844,-11506.8223,0,"2025-03-06T17:49:02.509Z",-2976.8799
"Medidor 4 - ICAS","Potencia activa L3","W",-2197.6856163022844,-11506.8223,0,"2025-03-06T17:50:02.581Z",-2572.7466
"Medidor 4 - ICAS","Potencia activa L3","W",-2197.6856163022844,-11506.8223,0,"2025-03-06T17:51:02.709Z",-2969.9951
"Medidor 4 - ICAS","Potencia activa L3","W",-2197.6856163022844,-11506.8223,0,"2025-03-06T17:52:02.878Z",-2086.77
"Medidor 4 - ICAS","Potencia activa L3","W",-2197.6856163022844,-11506.8223,0,"2025-03-06T17:53:02.919Z",-2434.5
"Medidor 4 - ICAS","Potencia activa L3","W",-2197.6856163022844,-11506.8223,0,"2025-03-06T17:54:02.959Z",-2045.7184
"Medidor 4 - ICAS","Potencia activa L3","W",-2197.6856163022844,-11506.8223,0,"2025-03-06T17:55:03.083Z",-2430.8127
"Medidor 4 - ICAS","Potencia activa L3","W",-2197.6856163022844,-11506.8223,0,"2025-03-06T17:56:03.250Z",-2079.7983
"Medidor 4 - ICAS","Potencia activa L3","W",-2197.6856163022844,-11506.8223,0,"2025-03-06T17:57:03.276Z",-2463.2925
"Medidor 4 - ICAS","Potencia activa L3","W",-2197.6856163022844,-11506.8223,0,"2025-03-06T17:58:03.372Z",-2093.428
"Medidor 4 - ICAS","Potencia activa L3","W",-2197.6856163022844,-11506.8223,0,"2025-03-06T17:59:03.520Z",-2472.5127
"Medidor 4 - ICAS","Potencia activa L3","W",-2197.6856163022844,-11506.8223,0,"2025-03-06T18:00:03.582Z",-2094.8638
"Medidor 4 - ICAS","Potencia activa L3","W",-2197.6856163022844,-11506.8223,0,"2025-03-06T18:01:03.735Z",-2462.0298
"Medidor 4 - ICAS","Potencia activa L3","W",-2197.6856163022844,-11506.8223,0,"2025-03-06T18:02:03.752Z",-2090.353
"Medidor 4 - ICAS","Potencia activa L3","W",-2197.6856163022844,-11506.8223,0,"2025-03-06T18:03:03.836Z",-2509.4651
"Medidor 4 - ICAS","Potencia activa L3","W",-2197.6856163022844,-11506.8223,0,"2025-03-06T18:04:03.935Z",-2090.1565
"Medidor 4 - ICAS","Potencia activa L3","W",-2197.6856163022844,-11506.8223,0,"2025-03-06T18:05:04.061Z",-2313.4426
"Medidor 4 - ICAS","Potencia activa L3","W",-2197.6856163022844,-11506.8223,0,"2025-03-06T18:06:04.061Z",-2587.9812
"Medidor 4 - ICAS","Potencia activa L3","W",-2197.6856163022844,-11506.8223,0,"2025-03-06T18:07:04.198Z",-2865.2593
"Medidor 4 - ICAS","Potencia activa L3","W",-2197.6856163022844,-11506.8223,0,"2025-03-06T18:08:04.324Z",-2484.7195
"Medidor 4 - ICAS","Potencia activa L3","W",-2197.6856163022844,-11506.8223,0,"2025-03-06T18:09:04.407Z",-2328.5374
"Medidor 4 - ICAS","Potencia activa L3","W",-2197.6856163022844,-11506.8223,0,"2025-03-06T18:10:04.362Z",-2362.2844
"Medidor 4 - ICAS","Potencia activa L3","W",-2197.6856163022844,-11506.8223,0,"2025-03-06T18:11:04.570Z",-2725.1943
"Medidor 4 - ICAS","Potencia activa L3","W",-2197.6856163022844,-11506.8223,0,"2025-03-06T18:12:04.652Z",-2961.1423
"Medidor 4 - ICAS","Potencia activa L3","W",-2197.6856163022844,-11506.8223,0,"2025-03-06T18:13:04.763Z",-3451.5405
"Medidor 4 - ICAS","Potencia activa L3","W",-2197.6856163022844,-11506.8223,0,"2025-03-06T18:14:04.808Z",-2481.4985
"Medidor 4 - ICAS","Potencia activa L3","W",-2197.6856163022844,-11506.8223,0,"2025-03-06T18:15:04.922Z",-2338.1465
"Medidor 4 - ICAS","Potencia activa L3","W",-2197.6856163022844,-11506.8223,0,"2025-03-06T18:16:05.050Z",-2147.8882
"Medidor 4 - ICAS","Potencia activa L3","W",-2197.6856163022844,-11506.8223,0,"2025-03-06T18:17:05.152Z",-2542.0779
"Medidor 4 - ICAS","Potencia activa L3","W",-2197.6856163022844,-11506.8223,0,"2025-03-06T18:18:05.188Z",-2145.2439
"Medidor 4 - ICAS","Potencia activa L3","W",-2197.6856163022844,-11506.8223,0,"2025-03-06T18:19:05.311Z",-2537.4692
"Medidor 4 - ICAS","Potencia activa L3","W",-2197.6856163022844,-11506.8223,0,"2025-03-06T18:20:05.408Z",-2312.2676
"Medidor 4 - ICAS","Potencia activa L3","W",-2197.6856163022844,-11506.8223,0,"2025-03-06T18:21:05.460Z",-2487.3547
"Medidor 4 - ICAS","Potencia activa L3","W",-2197.6856163022844,-11506.8223,0,"2025-03-06T18:22:05.431Z",-2207.4856
"Medidor 4 - ICAS","Potencia activa L3","W",-2197.6856163022844,-11506.8223,0,"2025-03-06T18:23:05.586Z",-2604.9541
"Medidor 4 - ICAS","Potencia activa L3","W",-2197.6856163022844,-11506.8223,0,"2025-03-06T18:24:05.656Z",-2044.9989
"Medidor 4 - ICAS","Potencia activa L3","W",-2197.6856163022844,-11506.8223,0,"2025-03-06T18:25:05.711Z",-2472.1304
"Medidor 4 - ICAS","Potencia activa L3","W",-2197.6856163022844,-11506.8223,0,"2025-03-06T18:26:05.825Z",-2229.9292
"Medidor 4 - ICAS","Potencia activa L3","W",-2197.6856163022844,-11506.8223,0,"2025-03-06T18:27:05.965Z",-2475.6304
"Medidor 4 - ICAS","Potencia activa L3","W",-2197.6856163022844,-11506.8223,0,"2025-03-06T18:28:06.027Z",-2330.4202
"Medidor 4 - ICAS","Potencia activa L3","W",-2197.6856163022844,-11506.8223,0,"2025-03-06T18:29:05.953Z",-2727.9197
"Medidor 4 - ICAS","Potencia activa L3","W",-2197.6856163022844,-11506.8223,0,"2025-03-06T18:30:06.088Z",-2246.5391
"Medidor 4 - ICAS","Potencia activa L3","W",-2197.6856163022844,-11506.8223,0,"2025-03-06T18:31:06.300Z",-2640.5327
"Medidor 4 - ICAS","Potencia activa L3","W",-2197.6856163022844,-11506.8223,0,"2025-03-06T18:32:06.269Z",-2262.8142
"Medidor 4 - ICAS","Potencia activa L3","W",-2197.6856163022844,-11506.8223,0,"2025-03-06T18:33:06.405Z",-2649.4934
"Medidor 4 - ICAS","Potencia activa L3","W",-2197.6856163022844,-11506.8223,0,"2025-03-06T18:34:06.513Z",-2414.3162
"Medidor 4 - ICAS","Potencia activa L3","W",-2197.6856163022844,-11506.8223,0,"2025-03-06T18:35:06.593Z",-2473.5525
"Medidor 4 - ICAS","Potencia activa L3","W",-2197.6856163022844,-11506.8223,0,"2025-03-06T18:36:06.727Z",-2625.2939
"Medidor 4 - ICAS","Potencia activa L3","W",-2197.6856163022844,-11506.8223,0,"2025-03-06T18:37:06.837Z",-2504.1609
"Medidor 4 - ICAS","Potencia activa L3","W",-2197.6856163022844,-11506.8223,0,"2025-03-06T18:38:06.943Z",-3324.7969
"Medidor 4 - ICAS","Potencia activa L3","W",-2197.6856163022844,-11506.8223,0,"2025-03-06T18:39:06.927Z",-2667.8286
"Medidor 4 - ICAS","Potencia activa L3","W",-2197.6856163022844,-11506.8223,0,"2025-03-06T18:40:07.039Z",-2607.7219
"Medidor 4 - ICAS","Potencia activa L3","W",-2197.6856163022844,-11506.8223,0,"2025-03-06T18:41:07.174Z",-2739.8899
"Medidor 4 - ICAS","Potencia activa L3","W",-2197.6856163022844,-11506.8223,0,"2025-03-06T18:42:07.317Z",-2598.6064
"Medidor 4 - ICAS","Potencia activa L3","W",-2197.6856163022844,-11506.8223,0,"2025-03-06T18:43:07.305Z",-2236.9182
"Medidor 4 - ICAS","Potencia activa L3","W",-2197.6856163022844,-11506.8223,0,"2025-03-06T18:44:07.446Z",-2780.2322
"Medidor 4 - ICAS","Potencia activa L3","W",-2197.6856163022844,-11506.8223,0,"2025-03-06T18:45:07.513Z",-2767.4817
"Medidor 4 - ICAS","Potencia activa L3","W",-2197.6856163022844,-11506.8223,0,"2025-03-06T18:46:07.653Z",-3371.033
"Medidor 4 - ICAS","Potencia activa L3","W",-2197.6856163022844,-11506.8223,0,"2025-03-06T18:47:07.738Z",-2330.6147
"Medidor 4 - ICAS","Potencia activa L3","W",-2197.6856163022844,-11506.8223,0,"2025-03-06T18:48:07.816Z",-2845.1201
"Medidor 4 - ICAS","Potencia activa L3","W",-2197.6856163022844,-11506.8223,0,"2025-03-06T18:49:07.866Z",-2470.5459
"Medidor 4 - ICAS","Potencia activa L3","W",-2197.6856163022844,-11506.8223,0,"2025-03-06T18:50:08.069Z",-2835.8174
"Medidor 4 - ICAS","Potencia activa L3","W",-2197.6856163022844,-11506.8223,0,"2025-03-06T18:51:08.102Z",-2945.7859
"Medidor 4 - ICAS","Potencia activa L3","W",-2197.6856163022844,-11506.8223,0,"2025-03-06T18:52:08.124Z",-2664.2783
"Medidor 4 - ICAS","Potencia activa L3","W",-2197.6856163022844,-11506.8223,0,"2025-03-06T18:53:08.251Z",-2296.0259
"Medidor 4 - ICAS","Potencia activa L3","W",-2197.6856163022844,-11506.8223,0,"2025-03-06T18:54:08.338Z",-3118.3745
"Medidor 4 - ICAS","Potencia activa L3","W",-2197.6856163022844,-11506.8223,0,"2025-03-06T18:55:08.431Z",-2283.6499
"Medidor 4 - ICAS","Potencia activa L3","W",-2197.6856163022844,-11506.8223,0,"2025-03-06T18:56:08.538Z",-3086.1941
"Medidor 4 - ICAS","Potencia activa L3","W",-2197.6856163022844,-11506.8223,0,"2025-03-06T18:57:08.612Z",-2140.9678
"Medidor 4 - ICAS","Potencia activa L3","W",-2197.6856163022844,-11506.8223,0,"2025-03-06T18:58:08.761Z",-2626.3281
"Medidor 4 - ICAS","Potencia activa L3","W",-2197.6856163022844,-11506.8223,0,"2025-03-06T18:59:08.789Z",-2095.9956
"Medidor 4 - ICAS","Potencia activa L3","W",-2197.6856163022844,-11506.8223,0,"2025-03-06T19:00:08.884Z",-2621.2871
"Medidor 4 - ICAS","Potencia activa L3","W",-2197.6856163022844,-11506.8223,0,"2025-03-06T19:01:08.912Z",-2988.2056
"Medidor 4 - ICAS","Potencia activa L3","W",-2197.6856163022844,-11506.8223,0,"2025-03-06T19:02:09.056Z",-2947.4536
"Medidor 4 - ICAS","Potencia activa L3","W",-2197.6856163022844,-11506.8223,0,"2025-03-06T19:03:09.182Z",-2378.6448
"Medidor 4 - ICAS","Potencia activa L3","W",-2197.6856163022844,-11506.8223,0,"2025-03-06T19:04:09.202Z",-2482.458
"Medidor 4 - ICAS","Potencia activa L3","W",-2197.6856163022844,-11506.8223,0,"2025-03-06T19:05:09.266Z",-2253.4067
"Medidor 4 - ICAS","Potencia activa L3","W",-2197.6856163022844,-11506.8223,0,"2025-03-06T19:06:09.279Z",-2448.1084
"Medidor 4 - ICAS","Potencia activa L3","W",-2197.6856163022844,-11506.8223,0,"2025-03-06T19:07:09.423Z",-2402.9768
"Medidor 4 - ICAS","Potencia activa L3","W",-2197.6856163022844,-11506.8223,0,"2025-03-06T19:08:09.498Z",-2646.2173
"Medidor 4 - ICAS","Potencia activa L3","W",-2197.6856163022844,-11506.8223,0,"2025-03-06T19:09:09.578Z",-2427.98
"Medidor 4 - ICAS","Potencia activa L3","W",-2197.6856163022844,-11506.8223,0,"2025-03-06T19:10:09.732Z",-2676.531
"Medidor 4 - ICAS","Potencia activa L3","W",-2197.6856163022844,-11506.8223,0,"2025-03-06T19:11:09.835Z",-3287.2744
"Medidor 4 - ICAS","Potencia activa L3","W",-2197.6856163022844,-11506.8223,0,"2025-03-06T19:12:09.833Z",-3075.6143
"Medidor 4 - ICAS","Potencia activa L3","W",-2197.6856163022844,-11506.8223,0,"2025-03-06T19:13:09.980Z",-2872.5376
"Medidor 4 - ICAS","Potencia activa L3","W",-2197.6856163022844,-11506.8223,0,"2025-03-06T19:14:09.985Z",-2903.603
"Medidor 4 - ICAS","Potencia activa L3","W",-2197.6856163022844,-11506.8223,0,"2025-03-06T19:15:10.138Z",-3403.8789
"Medidor 4 - ICAS","Potencia activa L3","W",-2197.6856163022844,-11506.8223,0,"2025-03-06T19:16:10.294Z",-2330.1255
"Medidor 4 - ICAS","Potencia activa L3","W",-2197.6856163022844,-11506.8223,0,"2025-03-06T19:17:10.380Z",-3205.8547
"Medidor 4 - ICAS","Potencia activa L3","W",-2197.6856163022844,-11506.8223,0,"2025-03-06T19:18:10.477Z",-2515.4541
"Medidor 4 - ICAS","Potencia activa L3","W",-2197.6856163022844,-11506.8223,0,"2025-03-06T19:19:10.557Z",-2600.2625
"Medidor 4 - ICAS","Potencia activa L3","W",-2197.6856163022844,-11506.8223,0,"2025-03-06T19:20:10.652Z",-2269.0566
"Medidor 4 - ICAS","Potencia activa L3","W",-2197.6856163022844,-11506.8223,0,"2025-03-06T19:21:10.694Z",-2208.5928
"Medidor 4 - ICAS","Potencia activa L3","W",-2197.6856163022844,-11506.8223,0,"2025-03-06T19:22:10.809Z",-1692.0363
"Medidor 4 - ICAS","Potencia activa L3","W",-2197.6856163022844,-11506.8223,0,"2025-03-06T19:23:10.911Z",-2064.7251
"Medidor 4 - ICAS","Potencia activa L3","W",-2197.6856163022844,-11506.8223,0,"2025-03-06T19:24:11.036Z",-1542.8684
"Medidor 4 - ICAS","Potencia activa L3","W",-2197.6856163022844,-11506.8223,0,"2025-03-06T19:25:11.044Z",-1945.272
"Medidor 4 - ICAS","Potencia activa L3","W",-2197.6856163022844,-11506.8223,0,"2025-03-06T19:26:11.162Z",-1539.3765
"Medidor 4 - ICAS","Potencia activa L3","W",-2197.6856163022844,-11506.8223,0,"2025-03-06T19:27:11.269Z",-1957.9022
"Medidor 4 - ICAS","Potencia activa L3","W",-2197.6856163022844,-11506.8223,0,"2025-03-06T19:28:11.423Z",-1554.6057
"Medidor 4 - ICAS","Potencia activa L3","W",-2197.6856163022844,-11506.8223,0,"2025-03-06T19:29:11.490Z",-2131.8401
"Medidor 4 - ICAS","Potencia activa L3","W",-2197.6856163022844,-11506.8223,0,"2025-03-06T19:30:11.631Z",-2276.7185
"Medidor 4 - ICAS","Potencia activa L3","W",-2197.6856163022844,-11506.8223,0,"2025-03-06T19:31:11.620Z",-2132.2319
"Medidor 4 - ICAS","Potencia activa L3","W",-2197.6856163022844,-11506.8223,0,"2025-03-06T19:32:11.716Z",-2240.5239
"Medidor 4 - ICAS","Potencia activa L3","W",-2197.6856163022844,-11506.8223,0,"2025-03-06T19:33:11.764Z",-2323.3091
"Medidor 4 - ICAS","Potencia activa L3","W",-2197.6856163022844,-11506.8223,0,"2025-03-06T19:34:11.872Z",-2434.1309
"Medidor 4 - ICAS","Potencia activa L3","W",-2197.6856163022844,-11506.8223,0,"2025-03-06T19:35:12.005Z",-2742.8657
"Medidor 4 - ICAS","Potencia activa L3","W",-2197.6856163022844,-11506.8223,0,"2025-03-06T19:36:12.118Z",-3423.4062
"Medidor 4 - ICAS","Potencia activa L3","W",-2197.6856163022844,-11506.8223,0,"2025-03-06T19:37:12.194Z",-2284.5356
"Medidor 4 - ICAS","Potencia activa L3","W",-2197.6856163022844,-11506.8223,0,"2025-03-06T19:38:12.276Z",-2461.1887
"Medidor 4 - ICAS","Potencia activa L3","W",-2197.6856163022844,-11506.8223,0,"2025-03-06T19:39:12.341Z",-2429.7305
"Medidor 4 - ICAS","Potencia activa L3","W",-2197.6856163022844,-11506.8223,0,"2025-03-06T19:40:12.472Z",-2467.1851
"Medidor 4 - ICAS","Potencia activa L3","W",-2197.6856163022844,-11506.8223,0,"2025-03-06T19:41:12.523Z",-2093.0693
"Medidor 4 - ICAS","Potencia activa L3","W",-2197.6856163022844,-11506.8223,0,"2025-03-06T19:42:12.673Z",-2110.5659
"Medidor 4 - ICAS","Potencia activa L3","W",-2197.6856163022844,-11506.8223,0,"2025-03-06T19:43:12.779Z",-1638.1719
"Medidor 4 - ICAS","Potencia activa L3","W",-2197.6856163022844,-11506.8223,0,"2025-03-06T19:44:12.855Z",-1929.3928
"Medidor 4 - ICAS","Potencia activa L3","W",-2197.6856163022844,-11506.8223,0,"2025-03-06T19:45:12.895Z",-1648.3888
"Medidor 4 - ICAS","Potencia activa L3","W",-2197.6856163022844,-11506.8223,0,"2025-03-06T19:46:13.006Z",-1818.1152
"Medidor 4 - ICAS","Potencia activa L3","W",-2197.6856163022844,-11506.8223,0,"2025-03-06T19:47:13.082Z",-1573.0122
"Medidor 4 - ICAS","Potencia activa L3","W",-2197.6856163022844,-11506.8223,0,"2025-03-06T19:48:13.218Z",-2259.7651
"Medidor 4 - ICAS","Potencia activa L3","W",-2197.6856163022844,-11506.8223,0,"2025-03-06T19:49:13.288Z",-1699.7422
"Medidor 4 - ICAS","Potencia activa L3","W",-2197.6856163022844,-11506.8223,0,"2025-03-06T19:50:13.465Z",-1960.1138
"Medidor 4 - ICAS","Potencia activa L3","W",-2197.6856163022844,-11506.8223,0,"2025-03-06T19:51:13.560Z",-2172.2842
"Medidor 4 - ICAS","Potencia activa L3","W",-2197.6856163022844,-11506.8223,0,"2025-03-06T19:52:13.564Z",-2094.0718
"Medidor 4 - ICAS","Potencia activa L3","W",-2197.6856163022844,-11506.8223,0,"2025-03-06T19:53:13.628Z",-2053.3169
"Medidor 4 - ICAS","Potencia activa L3","W",-2197.6856163022844,-11506.8223,0,"2025-03-06T19:54:13.722Z",-2213.7024
"Medidor 4 - ICAS","Potencia activa L3","W",-2197.6856163022844,-11506.8223,0,"2025-03-06T19:55:13.814Z",-2328.196
"Medidor 4 - ICAS","Potencia activa L3","W",-2197.6856163022844,-11506.8223,0,"2025-03-06T19:56:13.886Z",-2605.6643
"Medidor 4 - ICAS","Potencia activa L3","W",-2197.6856163022844,-11506.8223,0,"2025-03-06T19:57:14.021Z",-2508.0637
"Medidor 4 - ICAS","Potencia activa L3","W",-2197.6856163022844,-11506.8223,0,"2025-03-06T19:58:14.108Z",-2174.2007
"Medidor 4 - ICAS","Potencia activa L3","W",-2197.6856163022844,-11506.8223,0,"2025-03-06T19:59:14.143Z",-2381.7529
"Medidor 4 - ICAS","Potencia activa L3","W",-2197.6856163022844,-11506.8223,0,"2025-03-06T20:00:14.345Z",-2182.3057
"Medidor 4 - ICAS","Potencia activa L3","W",-2197.6856163022844,-11506.8223,0,"2025-03-06T20:01:14.469Z",-2403.3857
"Medidor 4 - ICAS","Potencia activa L3","W",-2197.6856163022844,-11506.8223,0,"2025-03-06T20:02:14.515Z",-2329.2026
"Medidor 4 - ICAS","Potencia activa L3","W",-2197.6856163022844,-11506.8223,0,"2025-03-06T20:03:14.643Z",-2561.8403
"Medidor 4 - ICAS","Potencia activa L3","W",-2197.6856163022844,-11506.8223,0,"2025-03-06T20:04:14.749Z",-2154.4937
"Medidor 4 - ICAS","Potencia activa L3","W",-2197.6856163022844,-11506.8223,0,"2025-03-06T20:05:14.829Z",-3167.7781
"Medidor 4 - ICAS","Potencia activa L3","W",-2197.6856163022844,-11506.8223,0,"2025-03-06T20:06:14.904Z",-3154.3459
"Medidor 4 - ICAS","Potencia activa L3","W",-2197.6856163022844,-11506.8223,0,"2025-03-06T20:07:15.052Z",-3320.5073
"Medidor 4 - ICAS","Potencia activa L3","W",-2197.6856163022844,-11506.8223,0,"2025-03-06T20:08:15.206Z",-3146.7251
"Medidor 4 - ICAS","Potencia activa L3","W",-2197.6856163022844,-11506.8223,0,"2025-03-06T20:09:15.245Z",-2867.3328
"Medidor 4 - ICAS","Potencia activa L3","W",-2197.6856163022844,-11506.8223,0,"2025-03-06T20:10:15.326Z",-3874.8208
"Medidor 4 - ICAS","Potencia activa L3","W",-2197.6856163022844,-11506.8223,0,"2025-03-06T20:11:15.450Z",-2897.9177
"Medidor 4 - ICAS","Potencia activa L3","W",-2197.6856163022844,-11506.8223,0,"2025-03-06T20:12:15.506Z",-3010.5359
"Medidor 4 - ICAS","Potencia activa L3","W",-2197.6856163022844,-11506.8223,0,"2025-03-06T20:13:15.635Z",-2809.8374
"Medidor 4 - ICAS","Potencia activa L3","W",-2197.6856163022844,-11506.8223,0,"2025-03-06T20:14:15.663Z",-2600.5708
"Medidor 4 - ICAS","Potencia activa L3","W",-2197.6856163022844,-11506.8223,0,"2025-03-06T20:15:15.722Z",-2045.3933
"Medidor 4 - ICAS","Potencia activa L3","W",-2197.6856163022844,-11506.8223,0,"2025-03-06T20:16:15.781Z",-2445.6504
"Medidor 4 - ICAS","Potencia activa L3","W",-2197.6856163022844,-11506.8223,0,"2025-03-06T20:17:15.961Z",-2492.7471
"Medidor 4 - ICAS","Potencia activa L3","W",-2197.6856163022844,-11506.8223,0,"2025-03-06T20:18:16.058Z",-2540.5417
"Medidor 4 - ICAS","Potencia activa L3","W",-2197.6856163022844,-11506.8223,0,"2025-03-06T20:19:16.096Z",-2257.6995
"Medidor 4 - ICAS","Potencia activa L3","W",-2197.6856163022844,-11506.8223,0,"2025-03-06T20:20:16.232Z",-1896.0167
"Medidor 4 - ICAS","Potencia activa L3","W",-2197.6856163022844,-11506.8223,0,"2025-03-06T20:21:16.358Z",-2627.9124
"Medidor 4 - ICAS","Potencia activa L3","W",-2197.6856163022844,-11506.8223,0,"2025-03-06T20:22:16.461Z",-2146.0339
"Medidor 4 - ICAS","Potencia activa L3","W",-2197.6856163022844,-11506.8223,0,"2025-03-06T20:23:16.544Z",-2686.9187
"Medidor 4 - ICAS","Potencia activa L3","W",-2197.6856163022844,-11506.8223,0,"2025-03-06T20:24:16.589Z",-2126.3574
"Medidor 4 - ICAS","Potencia activa L3","W",-2197.6856163022844,-11506.8223,0,"2025-03-06T20:25:16.644Z",-2668.6157
"Medidor 4 - ICAS","Potencia activa L3","W",-2197.6856163022844,-11506.8223,0,"2025-03-06T20:26:16.698Z",-2441.2969
"Medidor 4 - ICAS","Potencia activa L3","W",-2197.6856163022844,-11506.8223,0,"2025-03-06T20:27:16.842Z",-2309.8391
"Medidor 4 - ICAS","Potencia activa L3","W",-2197.6856163022844,-11506.8223,0,"2025-03-06T20:28:16.855Z",-2432.3857
"Medidor 4 - ICAS","Potencia activa L3","W",-2197.6856163022844,-11506.8223,0,"2025-03-06T20:29:16.989Z",-1860.5442
"Medidor 4 - ICAS","Potencia activa L3","W",-2197.6856163022844,-11506.8223,0,"2025-03-06T20:30:17.097Z",-2236.4385
"Medidor 4 - ICAS","Potencia activa L3","W",-2197.6856163022844,-11506.8223,0,"2025-03-06T20:31:17.168Z",-2014.4342
"Medidor 4 - ICAS","Potencia activa L3","W",-2197.6856163022844,-11506.8223,0,"2025-03-06T20:32:17.234Z",-2278.957
"Medidor 4 - ICAS","Potencia activa L3","W",-2197.6856163022844,-11506.8223,0,"2025-03-06T20:33:17.254Z",-2052.6531
"Medidor 4 - ICAS","Potencia activa L3","W",-2197.6856163022844,-11506.8223,0,"2025-03-06T20:34:17.379Z",-2296.9417
"Medidor 4 - ICAS","Potencia activa L3","W",-2197.6856163022844,-11506.8223,0,"2025-03-06T20:35:17.491Z",-2279.407
"Medidor 4 - ICAS","Potencia activa L3","W",-2197.6856163022844,-11506.8223,0,"2025-03-06T20:36:17.511Z",-2476.7349
"Medidor 4 - ICAS","Potencia activa L3","W",-2197.6856163022844,-11506.8223,0,"2025-03-06T20:37:17.634Z",-2257.9268
"Medidor 4 - ICAS","Potencia activa L3","W",-2197.6856163022844,-11506.8223,0,"2025-03-06T20:38:17.633Z",-2047.1473
"Medidor 4 - ICAS","Potencia activa L3","W",-2197.6856163022844,-11506.8223,0,"2025-03-06T20:39:17.712Z",-3077.8501
"Medidor 4 - ICAS","Potencia activa L3","W",-2197.6856163022844,-11506.8223,0,"2025-03-06T20:40:17.827Z",-1888.4771
"Medidor 4 - ICAS","Potencia activa L3","W",-2197.6856163022844,-11506.8223,0,"2025-03-06T20:41:17.924Z",-2257.8481
"Medidor 4 - ICAS","Potencia activa L3","W",-2197.6856163022844,-11506.8223,0,"2025-03-06T20:42:18.011Z",-1898.4067
"Medidor 4 - ICAS","Potencia activa L3","W",-2197.6856163022844,-11506.8223,0,"2025-03-06T20:43:18.142Z",-2245.0212
"Medidor 4 - ICAS","Potencia activa L3","W",-2197.6856163022844,-11506.8223,0,"2025-03-06T20:44:18.249Z",-2535.5881
"Medidor 4 - ICAS","Potencia activa L3","W",-2197.6856163022844,-11506.8223,0,"2025-03-06T20:45:18.290Z",-2571.0559
"Medidor 4 - ICAS","Potencia activa L3","W",-2197.6856163022844,-11506.8223,0,"2025-03-06T20:46:18.422Z",-2344.0959
"Medidor 4 - ICAS","Potencia activa L3","W",-2197.6856163022844,-11506.8223,0,"2025-03-06T20:47:18.493Z",-2407.6167
"Medidor 4 - ICAS","Potencia activa L3","W",-2197.6856163022844,-11506.8223,0,"2025-03-06T20:48:18.504Z",-2212.8293
"Medidor 4 - ICAS","Potencia activa L3","W",-2197.6856163022844,-11506.8223,0,"2025-03-06T20:49:18.644Z",-1983.9979
"Medidor 4 - ICAS","Potencia activa L3","W",-2197.6856163022844,-11506.8223,0,"2025-03-06T20:50:18.747Z",-2231.1582
"Medidor 4 - ICAS","Potencia activa L3","W",-2197.6856163022844,-11506.8223,0,"2025-03-06T20:51:18.832Z",-1861.7039
"Medidor 4 - ICAS","Potencia activa L3","W",-2197.6856163022844,-11506.8223,0,"2025-03-06T20:52:18.812Z",-2239.0393
"Medidor 4 - ICAS","Potencia activa L3","W",-2197.6856163022844,-11506.8223,0,"2025-03-06T20:53:18.918Z",-1840.1984
"Medidor 4 - ICAS","Potencia activa L3","W",-2197.6856163022844,-11506.8223,0,"2025-03-06T20:54:19.032Z",-2414.2495
"Medidor 4 - ICAS","Potencia activa L3","W",-2197.6856163022844,-11506.8223,0,"2025-03-06T20:55:19.161Z",-2202.3896
"Medidor 4 - ICAS","Potencia activa L3","W",-2197.6856163022844,-11506.8223,0,"2025-03-06T20:56:19.175Z",-2324.0061
"Medidor 4 - ICAS","Potencia activa L3","W",-2197.6856163022844,-11506.8223,0,"2025-03-06T20:57:19.297Z",-2249.8748
"Medidor 4 - ICAS","Potencia activa L3","W",-2197.6856163022844,-11506.8223,0,"2025-03-06T20:58:19.323Z",-1849.071
"Medidor 4 - ICAS","Potencia activa L3","W",-2197.6856163022844,-11506.8223,0,"2025-03-06T20:59:19.365Z",-2239.0864
"Medidor 4 - ICAS","Potencia activa L3","W",-2197.6856163022844,-11506.8223,0,"2025-03-06T21:00:19.470Z",-1871.0032
"Medidor 4 - ICAS","Potencia activa L3","W",-2197.6856163022844,-11506.8223,0,"2025-03-06T21:01:19.562Z",-2236.4456
"Medidor 4 - ICAS","Potencia activa L3","W",-2197.6856163022844,-11506.8223,0,"2025-03-06T21:02:19.685Z",-2115.3508
"Medidor 4 - ICAS","Potencia activa L3","W",-2197.6856163022844,-11506.8223,0,"2025-03-06T21:03:19.784Z",-2433.7986
"Medidor 4 - ICAS","Potencia activa L3","W",-2197.6856163022844,-11506.8223,0,"2025-03-06T21:04:19.865Z",-2378.5332
"Medidor 4 - ICAS","Potencia activa L3","W",-2197.6856163022844,-11506.8223,0,"2025-03-06T21:05:19.947Z",-2462.7561
"Medidor 4 - ICAS","Potencia activa L3","W",-2197.6856163022844,-11506.8223,0,"2025-03-06T21:06:20.013Z",-2547.0381
"Medidor 4 - ICAS","Potencia activa L3","W",-2197.6856163022844,-11506.8223,0,"2025-03-06T21:07:20.069Z",-2340.1899
"Medidor 4 - ICAS","Potencia activa L3","W",-2197.6856163022844,-11506.8223,0,"2025-03-06T21:08:20.172Z",-2585.5405
"Medidor 4 - ICAS","Potencia activa L3","W",-2197.6856163022844,-11506.8223,0,"2025-03-06T21:09:20.266Z",-2001.7612
"Medidor 4 - ICAS","Potencia activa L3","W",-2197.6856163022844,-11506.8223,0,"2025-03-06T21:10:20.360Z",-2212.3452
"Medidor 4 - ICAS","Potencia activa L3","W",-2197.6856163022844,-11506.8223,0,"2025-03-06T21:11:20.384Z",-1836.3479
"Medidor 4 - ICAS","Potencia activa L3","W",-2197.6856163022844,-11506.8223,0,"2025-03-06T21:12:20.547Z",-2239.4023
"Medidor 4 - ICAS","Potencia activa L3","W",-2197.6856163022844,-11506.8223,0,"2025-03-06T21:13:20.614Z",-2214.7026
"Medidor 4 - ICAS","Potencia activa L3","W",-2197.6856163022844,-11506.8223,0,"2025-03-06T21:14:20.712Z",-2254.9409
"Medidor 4 - ICAS","Potencia activa L3","W",-2197.6856163022844,-11506.8223,0,"2025-03-06T21:15:20.837Z",-2205.0168
"Medidor 4 - ICAS","Potencia activa L3","W",-2197.6856163022844,-11506.8223,0,"2025-03-06T21:16:20.869Z",-1788.8623
"Medidor 4 - ICAS","Potencia activa L3","W",-2197.6856163022844,-11506.8223,0,"2025-03-06T21:17:21.007Z",-2177.9685
"Medidor 4 - ICAS","Potencia activa L3","W",-2197.6856163022844,-11506.8223,0,"2025-03-06T21:18:21.103Z",-1802.8289
"Medidor 4 - ICAS","Potencia activa L3","W",-2197.6856163022844,-11506.8223,0,"2025-03-06T21:19:21.221Z",-2382.6265
"Medidor 4 - ICAS","Potencia activa L3","W",-2197.6856163022844,-11506.8223,0,"2025-03-06T21:20:21.218Z",-1847.7806
"Medidor 4 - ICAS","Potencia activa L3","W",-2197.6856163022844,-11506.8223,0,"2025-03-06T21:21:21.295Z",-2253.3833
"Medidor 4 - ICAS","Potencia activa L3","W",-2197.6856163022844,-11506.8223,0,"2025-03-06T21:22:21.341Z",-2717.6833
"Medidor 4 - ICAS","Potencia activa L3","W",-2197.6856163022844,-11506.8223,0,"2025-03-06T21:23:21.511Z",-2271.5073
"Medidor 4 - ICAS","Potencia activa L3","W",-2197.6856163022844,-11506.8223,0,"2025-03-06T21:24:21.601Z",-2194.0896
"Medidor 4 - ICAS","Potencia activa L3","W",-2197.6856163022844,-11506.8223,0,"2025-03-06T21:25:21.621Z",-1829.0027
"Medidor 4 - ICAS","Potencia activa L3","W",-2197.6856163022844,-11506.8223,0,"2025-03-06T21:26:21.767Z",-2199.9224
"Medidor 4 - ICAS","Potencia activa L3","W",-2197.6856163022844,-11506.8223,0,"2025-03-06T21:27:21.894Z",-1913.1204
"Medidor 4 - ICAS","Potencia activa L3","W",-2197.6856163022844,-11506.8223,0,"2025-03-06T21:28:21.902Z",-2217.6431
"Medidor 4 - ICAS","Potencia activa L3","W",-2197.6856163022844,-11506.8223,0,"2025-03-06T21:29:21.998Z",-2180.0825
"Medidor 4 - ICAS","Potencia activa L3","W",-2197.6856163022844,-11506.8223,0,"2025-03-06T21:30:22.081Z",-2223.9124
"Medidor 4 - ICAS","Potencia activa L3","W",-2197.6856163022844,-11506.8223,0,"2025-03-06T21:31:22.172Z",-2334.46
"Medidor 4 - ICAS","Potencia activa L3","W",-2197.6856163022844,-11506.8223,0,"2025-03-06T21:32:22.252Z",-2128.9546
"Medidor 4 - ICAS","Potencia activa L3","W",-2197.6856163022844,-11506.8223,0,"2025-03-06T21:33:22.292Z",-2338.1978
"Medidor 4 - ICAS","Potencia activa L3","W",-2197.6856163022844,-11506.8223,0,"2025-03-06T21:34:22.405Z",-1809.8452
"Medidor 4 - ICAS","Potencia activa L3","W",-2197.6856163022844,-11506.8223,0,"2025-03-06T21:35:22.437Z",-2193.6062
"Medidor 4 - ICAS","Potencia activa L3","W",-2197.6856163022844,-11506.8223,0,"2025-03-06T21:36:22.542Z",-2165.5447
"Medidor 4 - ICAS","Potencia activa L3","W",-2197.6856163022844,-11506.8223,0,"2025-03-06T21:37:22.623Z",-2210.8262
"Medidor 4 - ICAS","Potencia activa L3","W",-2197.6856163022844,-11506.8223,0,"2025-03-06T21:38:22.686Z",-2171.9014
"Medidor 4 - ICAS","Potencia activa L3","W",-2197.6856163022844,-11506.8223,0,"2025-03-06T21:39:22.837Z",-1829.427
"Medidor 4 - ICAS","Potencia activa L3","W",-2197.6856163022844,-11506.8223,0,"2025-03-06T21:40:22.948Z",-2179.3638
"Medidor 4 - ICAS","Potencia activa L3","W",-2197.6856163022844,-11506.8223,0,"2025-03-06T21:41:23.034Z",-1804.0106
"Medidor 4 - ICAS","Potencia activa L3","W",-2197.6856163022844,-11506.8223,0,"2025-03-06T21:42:23.104Z",-2197.2371
"Medidor 4 - ICAS","Potencia activa L3","W",-2197.6856163022844,-11506.8223,0,"2025-03-06T21:43:23.237Z",-2341.501
"Medidor 4 - ICAS","Potencia activa L3","W",-2197.6856163022844,-11506.8223,0,"2025-03-06T21:44:23.279Z",-2225.8296
"Medidor 4 - ICAS","Potencia activa L3","W",-2197.6856163022844,-11506.8223,0,"2025-03-06T21:45:23.416Z",-2178.3569
"Medidor 4 - ICAS","Potencia activa L3","W",-2197.6856163022844,-11506.8223,0,"2025-03-06T21:46:23.497Z",-2187.9795
"Medidor 4 - ICAS","Potencia activa L3","W",-2197.6856163022844,-11506.8223,0,"2025-03-06T21:47:23.617Z",-2386.845
"Medidor 4 - ICAS","Potencia activa L3","W",-2197.6856163022844,-11506.8223,0,"2025-03-06T21:48:23.703Z",-1864.6174
"Medidor 4 - ICAS","Potencia activa L3","W",-2197.6856163022844,-11506.8223,0,"2025-03-06T21:49:23.836Z",-2231.5432
"Medidor 4 - ICAS","Potencia activa L3","W",-2197.6856163022844,-11506.8223,0,"2025-03-06T21:50:23.854Z",-2383.1748
"Medidor 4 - ICAS","Potencia activa L3","W",-2197.6856163022844,-11506.8223,0,"2025-03-06T21:51:23.980Z",-2031.6499
"Medidor 4 - ICAS","Potencia activa L3","W",-2197.6856163022844,-11506.8223,0,"2025-03-06T21:52:24.072Z",-2407.3489
"Medidor 4 - ICAS","Potencia activa L3","W",-2197.6856163022844,-11506.8223,0,"2025-03-06T21:53:24.121Z",-2045.5162
"Medidor 4 - ICAS","Potencia activa L3","W",-2197.6856163022844,-11506.8223,0,"2025-03-06T21:54:24.239Z",-2237.2397
"Medidor 4 - ICAS","Potencia activa L3","W",-2197.6856163022844,-11506.8223,0,"2025-03-06T21:55:24.241Z",-2202.5754
"Medidor 4 - ICAS","Potencia activa L3","W",-2197.6856163022844,-11506.8223,0,"2025-03-06T21:56:24.401Z",-1846.946
"Medidor 4 - ICAS","Potencia activa L3","W",-2197.6856163022844,-11506.8223,0,"2025-03-06T21:57:24.394Z",-2183.8799
"Medidor 4 - ICAS","Potencia activa L3","W",-2197.6856163022844,-11506.8223,0,"2025-03-06T21:58:24.517Z",-2152.2815
"Medidor 4 - ICAS","Potencia activa L3","W",-2197.6856163022844,-11506.8223,0,"2025-03-06T21:59:24.589Z",-2149.7158
"Medidor 4 - ICAS","Potencia activa L3","W",-2197.6856163022844,-11506.8223,0,"2025-03-06T22:00:24.621Z",-2197.7266
"Medidor 4 - ICAS","Potencia activa L3","W",-2197.6856163022844,-11506.8223,0,"2025-03-06T22:01:24.736Z",-2171.4578
"Medidor 4 - ICAS","Potencia activa L3","W",-2197.6856163022844,-11506.8223,0,"2025-03-06T22:02:24.833Z",-1700.8811
"Medidor 4 - ICAS","Potencia activa L3","W",-2197.6856163022844,-11506.8223,0,"2025-03-06T22:03:24.857Z",-2487.8066
"Medidor 4 - ICAS","Potencia activa L3","W",-2197.6856163022844,-11506.8223,0,"2025-03-06T22:04:24.941Z",-2453.6357
"Medidor 4 - ICAS","Potencia activa L3","W",-2197.6856163022844,-11506.8223,0,"2025-03-06T22:05:24.993Z",-1618.2063
"Medidor 4 - ICAS","Potencia activa L3","W",-2197.6856163022844,-11506.8223,0,"2025-03-06T22:06:24.993Z",-1992.7654
"Medidor 4 - ICAS","Potencia activa L3","W",-2197.6856163022844,-11506.8223,0,"2025-03-06T22:07:25.195Z",-1977.5735
"Medidor 4 - ICAS","Potencia activa L3","W",-2197.6856163022844,-11506.8223,0,"2025-03-06T22:08:25.274Z",-2011.0059
"Medidor 4 - ICAS","Potencia activa L3","W",-2197.6856163022844,-11506.8223,0,"2025-03-06T22:09:25.405Z",-1823.7854
"Medidor 4 - ICAS","Potencia activa L3","W",-2197.6856163022844,-11506.8223,0,"2025-03-06T22:10:25.456Z",-1956.7579
"Medidor 4 - ICAS","Potencia activa L3","W",-2197.6856163022844,-11506.8223,0,"2025-03-06T22:11:25.479Z",-1853.3281
"Medidor 4 - ICAS","Potencia activa L3","W",-2197.6856163022844,-11506.8223,0,"2025-03-06T22:12:25.615Z",-2290.3977
"Medidor 4 - ICAS","Potencia activa L3","W",-2197.6856163022844,-11506.8223,0,"2025-03-06T22:13:25.677Z",-1977.425
"Medidor 4 - ICAS","Potencia activa L3","W",-2197.6856163022844,-11506.8223,0,"2025-03-06T22:14:25.820Z",-1434.4607
"Medidor 4 - ICAS","Potencia activa L3","W",-2197.6856163022844,-11506.8223,0,"2025-03-06T22:15:25.862Z",-1798.6443
"Medidor 4 - ICAS","Potencia activa L3","W",-2197.6856163022844,-11506.8223,0,"2025-03-06T22:16:25.973Z",-1431.2574
"Medidor 4 - ICAS","Potencia activa L3","W",-2197.6856163022844,-11506.8223,0,"2025-03-06T22:17:26.045Z",-1817.2117
"Medidor 4 - ICAS","Potencia activa L3","W",-2197.6856163022844,-11506.8223,0,"2025-03-06T22:18:26.164Z",-1956.7651
"Medidor 4 - ICAS","Potencia activa L3","W",-2197.6856163022844,-11506.8223,0,"2025-03-06T22:19:26.191Z",-1810.575
"Medidor 4 - ICAS","Potencia activa L3","W",-2197.6856163022844,-11506.8223,0,"2025-03-06T22:20:26.237Z",-1783.3275
"Medidor 4 - ICAS","Potencia activa L3","W",-2197.6856163022844,-11506.8223,0,"2025-03-06T22:21:26.434Z",-1585.5752
"Medidor 4 - ICAS","Potencia activa L3","W",-2197.6856163022844,-11506.8223,0,"2025-03-06T22:22:26.520Z",-1791.8794
"Medidor 4 - ICAS","Potencia activa L3","W",-2197.6856163022844,-11506.8223,0,"2025-03-06T22:23:26.540Z",-1814.8711
"Medidor 4 - ICAS","Potencia activa L3","W",-2197.6856163022844,-11506.8223,0,"2025-03-06T22:24:26.686Z",-2143.0491
"Medidor 4 - ICAS","Potencia activa L3","W",-2197.6856163022844,-11506.8223,0,"2025-03-06T22:25:26.793Z",-1968.926
"Medidor 4 - ICAS","Potencia activa L3","W",-2197.6856163022844,-11506.8223,0,"2025-03-06T22:26:26.857Z",-1966.0106
"Medidor 4 - ICAS","Potencia activa L3","W",-2197.6856163022844,-11506.8223,0,"2025-03-06T22:27:26.932Z",-2005.9203
"Medidor 4 - ICAS","Potencia activa L3","W",-2197.6856163022844,-11506.8223,0,"2025-03-06T22:28:27.081Z",-1797.2175
"Medidor 4 - ICAS","Potencia activa L3","W",-2197.6856163022844,-11506.8223,0,"2025-03-06T22:29:27.125Z",-2628.1082
"Medidor 4 - ICAS","Potencia activa L3","W",-2197.6856163022844,-11506.8223,0,"2025-03-06T22:30:27.254Z",-2794.6458
"Medidor 4 - ICAS","Potencia activa L3","W",-2197.6856163022844,-11506.8223,0,"2025-03-06T22:31:27.389Z",-2715.4121
"Medidor 4 - ICAS","Potencia activa L3","W",-2197.6856163022844,-11506.8223,0,"2025-03-06T22:32:27.484Z",-2692.8252
"Medidor 4 - ICAS","Potencia activa L3","W",-2197.6856163022844,-11506.8223,0,"2025-03-06T22:33:27.549Z",-2835.1819
"Medidor 4 - ICAS","Potencia activa L3","W",-2197.6856163022844,-11506.8223,0,"2025-03-06T22:34:27.585Z",-2667.5039
"Medidor 4 - ICAS","Potencia activa L3","W",-2197.6856163022844,-11506.8223,0,"2025-03-06T22:35:27.719Z",-2680.6196
"Medidor 4 - ICAS","Potencia activa L3","W",-2197.6856163022844,-11506.8223,0,"2025-03-06T22:36:27.768Z",-2668.0227
"Medidor 4 - ICAS","Potencia activa L3","W",-2197.6856163022844,-11506.8223,0,"2025-03-06T22:37:27.886Z",-2496.6831
"Medidor 4 - ICAS","Potencia activa L3","W",-2197.6856163022844,-11506.8223,0,"2025-03-06T22:38:27.975Z",-2058.4836
"Medidor 4 - ICAS","Potencia activa L3","W",-2197.6856163022844,-11506.8223,0,"2025-03-06T22:39:28.040Z",-2047.3477
"Medidor 4 - ICAS","Potencia activa L3","W",-2197.6856163022844,-11506.8223,0,"2025-03-06T22:40:28.120Z",-1836.5729
"Medidor 4 - ICAS","Potencia activa L3","W",-2197.6856163022844,-11506.8223,0,"2025-03-06T22:41:28.175Z",-1853.7767
"Medidor 4 - ICAS","Potencia activa L3","W",-2197.6856163022844,-11506.8223,0,"2025-03-06T22:42:28.247Z",-1835.3563
"Medidor 4 - ICAS","Potencia activa L3","W",-2197.6856163022844,-11506.8223,0,"2025-03-06T22:43:28.420Z",-1837.1824
"Medidor 4 - ICAS","Potencia activa L3","W",-2197.6856163022844,-11506.8223,0,"2025-03-06T22:44:28.450Z",-1844.7947
"Medidor 4 - ICAS","Potencia activa L3","W",-2197.6856163022844,-11506.8223,0,"2025-03-06T22:45:28.552Z",-1879.1967
"Medidor 4 - ICAS","Potencia activa L3","W",-2197.6856163022844,-11506.8223,0,"2025-03-06T22:46:28.617Z",-1820.9775
"Medidor 4 - ICAS","Potencia activa L3","W",-2197.6856163022844,-11506.8223,0,"2025-03-06T22:47:28.739Z",-1818.4349
"Medidor 4 - ICAS","Potencia activa L3","W",-2197.6856163022844,-11506.8223,0,"2025-03-06T22:48:28.841Z",-1845.0646
"Medidor 4 - ICAS","Potencia activa L3","W",-2197.6856163022844,-11506.8223,0,"2025-03-06T22:49:28.894Z",-1831.1676
"Medidor 4 - ICAS","Potencia activa L3","W",-2197.6856163022844,-11506.8223,0,"2025-03-06T22:50:28.938Z",-1822.2405
"Medidor 4 - ICAS","Potencia activa L3","W",-2197.6856163022844,-11506.8223,0,"2025-03-06T22:51:29.050Z",-1477.2875
"Medidor 4 - ICAS","Potencia activa L3","W",-2197.6856163022844,-11506.8223,0,"2025-03-06T22:52:29.094Z",-1843.5417
"Medidor 4 - ICAS","Potencia activa L3","W",-2197.6856163022844,-11506.8223,0,"2025-03-06T22:53:29.100Z",-1834.0112
"Medidor 4 - ICAS","Potencia activa L3","W",-2197.6856163022844,-11506.8223,0,"2025-03-06T22:54:29.292Z",-1894.6178
"Medidor 4 - ICAS","Potencia activa L3","W",-2197.6856163022844,-11506.8223,0,"2025-03-06T22:55:29.324Z",-1818.4613
"Medidor 4 - ICAS","Potencia activa L3","W",-2197.6856163022844,-11506.8223,0,"2025-03-06T22:56:29.431Z",-1787.1229
"Medidor 4 - ICAS","Potencia activa L3","W",-2197.6856163022844,-11506.8223,0,"2025-03-06T22:57:29.472Z",-1835.8226
"Medidor 4 - ICAS","Potencia activa L3","W",-2197.6856163022844,-11506.8223,0,"2025-03-06T22:58:29.617Z",-2154.4968
"Medidor 4 - ICAS","Potencia activa L3","W",-2197.6856163022844,-11506.8223,0,"2025-03-06T22:59:29.708Z",-1793.8635
"Medidor 4 - ICAS","Potencia activa L3","W",-2197.6856163022844,-11506.8223,0,"2025-03-06T23:00:29.786Z",-1990.4019
"Medidor 4 - ICAS","Potencia activa L3","W",-2197.6856163022844,-11506.8223,0,"2025-03-06T23:01:29.863Z",-1770.0142
"Medidor 4 - ICAS","Potencia activa L3","W",-2197.6856163022844,-11506.8223,0,"2025-03-06T23:02:29.944Z",-1382.1384
"Medidor 4 - ICAS","Potencia activa L3","W",-2197.6856163022844,-11506.8223,0,"2025-03-06T23:03:29.994Z",-1776.3579
"Medidor 4 - ICAS","Potencia activa L3","W",-2197.6856163022844,-11506.8223,0,"2025-03-06T23:04:30.106Z",-1902.235
"Medidor 4 - ICAS","Potencia activa L3","W",-2197.6856163022844,-11506.8223,0,"2025-03-06T23:05:30.195Z",-1386.1285
"Medidor 4 - ICAS","Potencia activa L3","W",-2197.6856163022844,-11506.8223,0,"2025-03-06T23:06:30.284Z",-1762.1387
"Medidor 4 - ICAS","Potencia activa L3","W",-2197.6856163022844,-11506.8223,0,"2025-03-06T23:07:30.354Z",-1740.692
"Medidor 4 - ICAS","Potencia activa L3","W",-2197.6856163022844,-11506.8223,0,"2025-03-06T23:08:30.478Z",-1540.2496
"Medidor 4 - ICAS","Potencia activa L3","W",-2197.6856163022844,-11506.8223,0,"2025-03-06T23:09:30.595Z",-1909.8485
"Medidor 4 - ICAS","Potencia activa L3","W",-2197.6856163022844,-11506.8223,0,"2025-03-06T23:10:30.698Z",-1893.3153
"Medidor 4 - ICAS","Potencia activa L3","W",-2197.6856163022844,-11506.8223,0,"2025-03-06T23:11:30.694Z",-1710.067
"Medidor 4 - ICAS","Potencia activa L3","W",-2197.6856163022844,-11506.8223,0,"2025-03-06T23:12:30.772Z",-1751.4821
"Medidor 4 - ICAS","Potencia activa L3","W",-2197.6856163022844,-11506.8223,0,"2025-03-06T23:13:30.872Z",-1758.7119
"Medidor 4 - ICAS","Potencia activa L3","W",-2197.6856163022844,-11506.8223,0,"2025-03-06T23:14:30.947Z",-1403.6924
"Medidor 4 - ICAS","Potencia activa L3","W",-2197.6856163022844,-11506.8223,0,"2025-03-06T23:15:31.043Z",-1877.9042
"Medidor 4 - ICAS","Potencia activa L3","W",-2197.6856163022844,-11506.8223,0,"2025-03-06T23:16:31.138Z",-2479.958
"Medidor 4 - ICAS","Potencia activa L3","W",-2197.6856163022844,-11506.8223,0,"2025-03-06T23:17:31.223Z",-2506.802
"Medidor 4 - ICAS","Potencia activa L3","W",-2197.6856163022844,-11506.8223,0,"2025-03-06T23:18:31.245Z",-2889.2568
"Medidor 4 - ICAS","Potencia activa L3","W",-2197.6856163022844,-11506.8223,0,"2025-03-06T23:19:31.381Z",-2740.4177
"Medidor 4 - ICAS","Potencia activa L3","W",-2197.6856163022844,-11506.8223,0,"2025-03-06T23:20:31.439Z",-2389.426
"Medidor 4 - ICAS","Potencia activa L3","W",-2197.6856163022844,-11506.8223,0,"2025-03-06T23:21:31.560Z",-2923.7905
"Medidor 4 - ICAS","Potencia activa L3","W",-2197.6856163022844,-11506.8223,0,"2025-03-06T23:22:31.655Z",-2719.1416
"Medidor 4 - ICAS","Potencia activa L3","W",-2197.6856163022844,-11506.8223,0,"2025-03-06T23:23:31.753Z",-2759.2346
"Medidor 4 - ICAS","Potencia activa L3","W",-2197.6856163022844,-11506.8223,0,"2025-03-06T23:24:31.823Z",-2407.3062
"Medidor 4 - ICAS","Potencia activa L3","W",-2197.6856163022844,-11506.8223,0,"2025-03-06T23:25:31.922Z",-3025.3245
"Medidor 4 - ICAS","Potencia activa L3","W",-2197.6856163022844,-11506.8223,0,"2025-03-06T23:26:32.054Z",-3041.6956
"Medidor 4 - ICAS","Potencia activa L3","W",-2197.6856163022844,-11506.8223,0,"2025-03-06T23:27:32.082Z",-3111.4741
"Medidor 4 - ICAS","Potencia activa L3","W",-2197.6856163022844,-11506.8223,0,"2025-03-06T23:28:32.137Z",-3121.7964
"Medidor 4 - ICAS","Potencia activa L3","W",-2197.6856163022844,-11506.8223,0,"2025-03-06T23:29:32.275Z",-3913.707
"Medidor 4 - ICAS","Potencia activa L3","W",-2197.6856163022844,-11506.8223,0,"2025-03-06T23:30:32.360Z",-3375.6907
"Medidor 4 - ICAS","Potencia activa L3","W",-2197.6856163022844,-11506.8223,0,"2025-03-06T23:31:32.418Z",-2802.7317
"Medidor 4 - ICAS","Potencia activa L3","W",-2197.6856163022844,-11506.8223,0,"2025-03-06T23:32:32.456Z",-3202.0537
"Medidor 4 - ICAS","Potencia activa L3","W",-2197.6856163022844,-11506.8223,0,"2025-03-06T23:33:32.514Z",-3207.9292
"Medidor 4 - ICAS","Potencia activa L3","W",-2197.6856163022844,-11506.8223,0,"2025-03-06T23:34:32.525Z",-2795.2954
"Medidor 4 - ICAS","Potencia activa L3","W",-2197.6856163022844,-11506.8223,0,"2025-03-06T23:35:32.676Z",-3170.4568
"Medidor 4 - ICAS","Potencia activa L3","W",-2197.6856163022844,-11506.8223,0,"2025-03-06T23:36:32.744Z",-3120.8677
"Medidor 4 - ICAS","Potencia activa L3","W",-2197.6856163022844,-11506.8223,0,"2025-03-06T23:37:32.858Z",-3105.8982
"Medidor 4 - ICAS","Potencia activa L3","W",-2197.6856163022844,-11506.8223,0,"2025-03-06T23:38:32.861Z",-3178.5039
"Medidor 4 - ICAS","Potencia activa L3","W",-2197.6856163022844,-11506.8223,0,"2025-03-06T23:39:32.971Z",-3334.6848
"Medidor 4 - ICAS","Potencia activa L3","W",-2197.6856163022844,-11506.8223,0,"2025-03-06T23:40:33.096Z",-3140.0647
"Medidor 4 - ICAS","Potencia activa L3","W",-2197.6856163022844,-11506.8223,0,"2025-03-06T23:41:33.175Z",-2779.9819
"Medidor 4 - ICAS","Potencia activa L3","W",-2197.6856163022844,-11506.8223,0,"2025-03-06T23:42:33.314Z",-3149.5737
"Medidor 4 - ICAS","Potencia activa L3","W",-2197.6856163022844,-11506.8223,0,"2025-03-06T23:43:33.330Z",-3132.0381
"Medidor 4 - ICAS","Potencia activa L3","W",-2197.6856163022844,-11506.8223,0,"2025-03-06T23:44:33.431Z",-2747.6846
"Medidor 4 - ICAS","Potencia activa L3","W",-2197.6856163022844,-11506.8223,0,"2025-03-06T23:45:33.483Z",-3125.5791
"Medidor 4 - ICAS","Potencia activa L3","W",-2197.6856163022844,-11506.8223,0,"2025-03-06T23:46:33.637Z",-3074.7515
"Medidor 4 - ICAS","Potencia activa L3","W",-2197.6856163022844,-11506.8223,0,"2025-03-06T23:47:33.660Z",-3025.8643
"Medidor 4 - ICAS","Potencia activa L3","W",-2197.6856163022844,-11506.8223,0,"2025-03-06T23:48:33.715Z",-2843.5923
"Medidor 4 - ICAS","Potencia activa L3","W",-2197.6856163022844,-11506.8223,0,"2025-03-06T23:49:33.741Z",-3057.1899
"Medidor 4 - ICAS","Potencia activa L3","W",-2197.6856163022844,-11506.8223,0,"2025-03-06T23:50:33.857Z",-2949.7593
"Medidor 4 - ICAS","Potencia activa L3","W",-2197.6856163022844,-11506.8223,0,"2025-03-06T23:51:33.943Z",-2971.5549
"Medidor 4 - ICAS","Potencia activa L3","W",-2197.6856163022844,-11506.8223,0,"2025-03-06T23:52:34.037Z",-3160.8569
"Medidor 4 - ICAS","Potencia activa L3","W",-2197.6856163022844,-11506.8223,0,"2025-03-06T23:53:34.118Z",-3018.0464
"Medidor 4 - ICAS","Potencia activa L3","W",-2197.6856163022844,-11506.8223,0,"2025-03-06T23:54:34.225Z",-3001.4709
"Medidor 4 - ICAS","Potencia activa L3","W",-2197.6856163022844,-11506.8223,0,"2025-03-06T23:55:34.337Z",-2331.9209
"Medidor 4 - ICAS","Potencia activa L3","W",-2197.6856163022844,-11506.8223,0,"2025-03-06T23:56:34.323Z",-3414.041
"Medidor 4 - ICAS","Potencia activa L3","W",-2197.6856163022844,-11506.8223,0,"2025-03-06T23:57:34.413Z",-2679.8833
"Medidor 4 - ICAS","Potencia activa L3","W",-2197.6856163022844,-11506.8223,0,"2025-03-06T23:58:34.516Z",-2689.2468
"Medidor 4 - ICAS","Potencia activa L3","W",-2197.6856163022844,-11506.8223,0,"2025-03-06T23:59:34.622Z",-2323.4792
"Medidor 4 - ICAS","Potencia activa L3","W",-2197.6856163022844,-11506.8223,0,"2025-03-07T00:00:34.678Z",-2692.147
"Medidor 4 - ICAS","Potencia activa L3","W",-2197.6856163022844,-11506.8223,0,"2025-03-07T00:01:34.778Z",-2810.4497
"Medidor 4 - ICAS","Potencia activa L3","W",-2197.6856163022844,-11506.8223,0,"2025-03-07T00:02:34.851Z",-2669.6106
"Medidor 4 - ICAS","Potencia activa L3","W",-2197.6856163022844,-11506.8223,0,"2025-03-07T00:03:34.958Z",-2752.0361
"Medidor 4 - ICAS","Potencia activa L3","W",-2197.6856163022844,-11506.8223,0,"2025-03-07T00:04:35.111Z",-2671.5127
"Medidor 4 - ICAS","Potencia activa L3","W",-2197.6856163022844,-11506.8223,0,"2025-03-07T00:05:35.262Z",-2827.9644
"Medidor 4 - ICAS","Potencia activa L3","W",-2197.6856163022844,-11506.8223,0,"2025-03-07T00:06:35.238Z",-2326.5288
"Medidor 4 - ICAS","Potencia activa L3","W",-2197.6856163022844,-11506.8223,0,"2025-03-07T00:07:35.414Z",-2686.5903
"Medidor 4 - ICAS","Potencia activa L3","W",-2197.6856163022844,-11506.8223,0,"2025-03-07T00:08:35.441Z",-2671.9653
"Medidor 4 - ICAS","Potencia activa L3","W",-2197.6856163022844,-11506.8223,0,"2025-03-07T00:09:35.518Z",-2824.3789
"Medidor 4 - ICAS","Potencia activa L3","W",-2197.6856163022844,-11506.8223,0,"2025-03-07T00:10:35.545Z",-3385.5105
"Medidor 4 - ICAS","Potencia activa L3","W",-2197.6856163022844,-11506.8223,0,"2025-03-07T00:11:35.614Z",-3354.7783
"Medidor 4 - ICAS","Potencia activa L3","W",-2197.6856163022844,-11506.8223,0,"2025-03-07T00:12:35.680Z",-4094.2483
"Medidor 4 - ICAS","Potencia activa L3","W",-2197.6856163022844,-11506.8223,0,"2025-03-07T00:13:35.785Z",-2929.6548
"Medidor 4 - ICAS","Potencia activa L3","W",-2197.6856163022844,-11506.8223,0,"2025-03-07T00:14:35.830Z",-3085.6968
"Medidor 4 - ICAS","Potencia activa L3","W",-2197.6856163022844,-11506.8223,0,"2025-03-07T00:15:35.936Z",-2901.8096
"Medidor 4 - ICAS","Potencia activa L3","W",-2197.6856163022844,-11506.8223,0,"2025-03-07T00:16:36.003Z",-2931.6165
"Medidor 4 - ICAS","Potencia activa L3","W",-2197.6856163022844,-11506.8223,0,"2025-03-07T00:17:36.142Z",-2937.4207
"Medidor 4 - ICAS","Potencia activa L3","W",-2197.6856163022844,-11506.8223,0,"2025-03-07T00:18:36.181Z",-3151.4036
"Medidor 4 - ICAS","Potencia activa L3","W",-2197.6856163022844,-11506.8223,0,"2025-03-07T00:19:36.276Z",-3052.2524
"Medidor 4 - ICAS","Potencia activa L3","W",-2197.6856163022844,-11506.8223,0,"2025-03-07T00:20:36.385Z",-3024.4927
"Medidor 4 - ICAS","Potencia activa L3","W",-2197.6856163022844,-11506.8223,0,"2025-03-07T00:21:36.407Z",-3020.6445
"Medidor 4 - ICAS","Potencia activa L3","W",-2197.6856163022844,-11506.8223,0,"2025-03-07T00:22:36.567Z",-3282.1245
"Medidor 4 - ICAS","Potencia activa L3","W",-2197.6856163022844,-11506.8223,0,"2025-03-07T00:23:36.619Z",-3029.5813
"Medidor 4 - ICAS","Potencia activa L3","W",-2197.6856163022844,-11506.8223,0,"2025-03-07T00:24:36.727Z",-3435.1526
"Medidor 4 - ICAS","Potencia activa L3","W",-2197.6856163022844,-11506.8223,0,"2025-03-07T00:25:36.853Z",-3409.2727
"Medidor 4 - ICAS","Potencia activa L3","W",-2197.6856163022844,-11506.8223,0,"2025-03-07T00:26:36.921Z",-3279.7446
"Medidor 4 - ICAS","Potencia activa L3","W",-2197.6856163022844,-11506.8223,0,"2025-03-07T00:27:36.960Z",-3282.834
"Medidor 4 - ICAS","Potencia activa L3","W",-2197.6856163022844,-11506.8223,0,"2025-03-07T00:28:37.118Z",-3340.459
"Medidor 4 - ICAS","Potencia activa L3","W",-2197.6856163022844,-11506.8223,0,"2025-03-07T00:29:37.075Z",-3303.6055
"Medidor 4 - ICAS","Potencia activa L3","W",-2197.6856163022844,-11506.8223,0,"2025-03-07T00:30:37.245Z",-3962.21
"Medidor 4 - ICAS","Potencia activa L3","W",-2197.6856163022844,-11506.8223,0,"2025-03-07T00:31:37.337Z",-4119.8428
"Medidor 4 - ICAS","Potencia activa L3","W",-2197.6856163022844,-11506.8223,0,"2025-03-07T00:32:37.531Z",-3927.459
"Medidor 4 - ICAS","Potencia activa L3","W",-2197.6856163022844,-11506.8223,0,"2025-03-07T00:33:37.525Z",-3972.3354
"Medidor 4 - ICAS","Potencia activa L3","W",-2197.6856163022844,-11506.8223,0,"2025-03-07T00:34:37.613Z",-3867.3245
"Medidor 4 - ICAS","Potencia activa L3","W",-2197.6856163022844,-11506.8223,0,"2025-03-07T00:35:37.724Z",-3985.397
"Medidor 4 - ICAS","Potencia activa L3","W",-2197.6856163022844,-11506.8223,0,"2025-03-07T00:36:37.735Z",-3682.5132
"Medidor 4 - ICAS","Potencia activa L3","W",-2197.6856163022844,-11506.8223,0,"2025-03-07T00:37:37.768Z",-3358.5276
"Medidor 4 - ICAS","Potencia activa L3","W",-2197.6856163022844,-11506.8223,0,"2025-03-07T00:38:37.893Z",-3748.1541
"Medidor 4 - ICAS","Potencia activa L3","W",-2197.6856163022844,-11506.8223,0,"2025-03-07T00:39:38.079Z",-3874.8638
"Medidor 4 - ICAS","Potencia activa L3","W",-2197.6856163022844,-11506.8223,0,"2025-03-07T00:40:38.105Z",-3721.1387
"Medidor 4 - ICAS","Potencia activa L3","W",-2197.6856163022844,-11506.8223,0,"2025-03-07T00:41:38.177Z",-3753.5869
"Medidor 4 - ICAS","Potencia activa L3","W",-2197.6856163022844,-11506.8223,0,"2025-03-07T00:42:38.264Z",-3742.0776
"Medidor 4 - ICAS","Potencia activa L3","W",-2197.6856163022844,-11506.8223,0,"2025-03-07T00:43:38.403Z",-3678.4739
"Medidor 4 - ICAS","Potencia activa L3","W",-2197.6856163022844,-11506.8223,0,"2025-03-07T00:44:38.427Z",-3718.8892
"Medidor 4 - ICAS","Potencia activa L3","W",-2197.6856163022844,-11506.8223,0,"2025-03-07T00:45:38.619Z",-3742.8057
"Medidor 4 - ICAS","Potencia activa L3","W",-2197.6856163022844,-11506.8223,0,"2025-03-07T00:46:38.643Z",-3382.9814
"Medidor 4 - ICAS","Potencia activa L3","W",-2197.6856163022844,-11506.8223,0,"2025-03-07T00:47:38.801Z",-3712.4075
"Medidor 4 - ICAS","Potencia activa L3","W",-2197.6856163022844,-11506.8223,0,"2025-03-07T00:48:38.868Z",-3771.3638
"Medidor 4 - ICAS","Potencia activa L3","W",-2197.6856163022844,-11506.8223,0,"2025-03-07T00:49:39.010Z",-3724.1501
"Medidor 4 - ICAS","Potencia activa L3","W",-2197.6856163022844,-11506.8223,0,"2025-03-07T00:50:39.096Z",-3770.1396
"Medidor 4 - ICAS","Potencia activa L3","W",-2197.6856163022844,-11506.8223,0,"2025-03-07T00:51:39.165Z",-3710.1626
"Medidor 4 - ICAS","Potencia activa L3","W",-2197.6856163022844,-11506.8223,0,"2025-03-07T00:52:39.188Z",-3853.2788
"Medidor 4 - ICAS","Potencia activa L3","W",-2197.6856163022844,-11506.8223,0,"2025-03-07T00:53:39.273Z",-3361.8921
"Medidor 4 - ICAS","Potencia activa L3","W",-2197.6856163022844,-11506.8223,0,"2025-03-07T00:54:39.541Z",-3750.2627
"Medidor 4 - ICAS","Potencia activa L3","W",-2197.6856163022844,-11506.8223,0,"2025-03-07T00:55:39.508Z",-3716.6494
"Medidor 4 - ICAS","Potencia activa L3","W",-2197.6856163022844,-11506.8223,0,"2025-03-07T00:56:39.604Z",-3690.7605
"Medidor 4 - ICAS","Potencia activa L3","W",-2197.6856163022844,-11506.8223,0,"2025-03-07T00:57:39.579Z",-3959.1602
"Medidor 4 - ICAS","Potencia activa L3","W",-2197.6856163022844,-11506.8223,0,"2025-03-07T00:58:39.570Z",-3933.0728
"Medidor 4 - ICAS","Potencia activa L3","W",-2197.6856163022844,-11506.8223,0,"2025-03-07T00:59:39.819Z",-3934.7578
"Medidor 4 - ICAS","Potencia activa L3","W",-2197.6856163022844,-11506.8223,0,"2025-03-07T01:00:39.865Z",-3883.52
"Medidor 4 - ICAS","Potencia activa L3","W",-2197.6856163022844,-11506.8223,0,"2025-03-07T01:01:39.945Z",-3593.9858
"Medidor 4 - ICAS","Potencia activa L3","W",-2197.6856163022844,-11506.8223,0,"2025-03-07T01:02:40.021Z",-3963.7546
"Medidor 4 - ICAS","Potencia activa L3","W",-2197.6856163022844,-11506.8223,0,"2025-03-07T01:03:40.073Z",-4036.4563
"Medidor 4 - ICAS","Potencia activa L3","W",-2197.6856163022844,-11506.8223,0,"2025-03-07T01:04:40.178Z",-3869.9136
"Medidor 4 - ICAS","Potencia activa L3","W",-2197.6856163022844,-11506.8223,0,"2025-03-07T01:05:40.238Z",-4036.6152
"Medidor 4 - ICAS","Potencia activa L3","W",-2197.6856163022844,-11506.8223,0,"2025-03-07T01:06:40.292Z",-3396.5417
"Medidor 4 - ICAS","Potencia activa L3","W",-2197.6856163022844,-11506.8223,0,"2025-03-07T01:07:40.338Z",-3704.6709
"Medidor 4 - ICAS","Potencia activa L3","W",-2197.6856163022844,-11506.8223,0,"2025-03-07T01:08:40.523Z",-3332.0293
"Medidor 4 - ICAS","Potencia activa L3","W",-2197.6856163022844,-11506.8223,0,"2025-03-07T01:09:40.587Z",-3903.9995
"Medidor 4 - ICAS","Potencia activa L3","W",-2197.6856163022844,-11506.8223,0,"2025-03-07T01:10:40.657Z",-3374.126
"Medidor 4 - ICAS","Potencia activa L3","W",-2197.6856163022844,-11506.8223,0,"2025-03-07T01:11:40.581Z",-3743.0645
"Medidor 4 - ICAS","Potencia activa L3","W",-2197.6856163022844,-11506.8223,0,"2025-03-07T01:12:40.819Z",-3676.1301
"Medidor 4 - ICAS","Potencia activa L3","W",-2197.6856163022844,-11506.8223,0,"2025-03-07T01:13:40.856Z",-4752.5298
"Medidor 4 - ICAS","Potencia activa L3","W",-2197.6856163022844,-11506.8223,0,"2025-03-07T01:14:40.945Z",-3878.5439
"Medidor 4 - ICAS","Potencia activa L3","W",-2197.6856163022844,-11506.8223,0,"2025-03-07T01:15:41.107Z",-3451.0232
"Medidor 4 - ICAS","Potencia activa L3","W",-2197.6856163022844,-11506.8223,0,"2025-03-07T01:16:41.130Z",-3812.1726
"Medidor 4 - ICAS","Potencia activa L3","W",-2197.6856163022844,-11506.8223,0,"2025-03-07T01:17:41.324Z",-3328.3398
"Medidor 4 - ICAS","Potencia activa L3","W",-2197.6856163022844,-11506.8223,0,"2025-03-07T01:18:41.360Z",-3874.0173
"Medidor 4 - ICAS","Potencia activa L3","W",-2197.6856163022844,-11506.8223,0,"2025-03-07T01:19:41.465Z",-3649.9075
"Medidor 4 - ICAS","Potencia activa L3","W",-2197.6856163022844,-11506.8223,0,"2025-03-07T01:20:41.559Z",-3688.1982
"Medidor 4 - ICAS","Potencia activa L3","W",-2197.6856163022844,-11506.8223,0,"2025-03-07T01:21:41.629Z",-3671.9248
"Medidor 4 - ICAS","Potencia activa L3","W",-2197.6856163022844,-11506.8223,0,"2025-03-07T01:22:41.657Z",-3349.844
"Medidor 4 - ICAS","Potencia activa L3","W",-2197.6856163022844,-11506.8223,0,"2025-03-07T01:23:41.789Z",-3834.6448
"Medidor 4 - ICAS","Potencia activa L3","W",-2197.6856163022844,-11506.8223,0,"2025-03-07T01:24:41.954Z",-3306.0747
"Medidor 4 - ICAS","Potencia activa L3","W",-2197.6856163022844,-11506.8223,0,"2025-03-07T01:25:42.004Z",-3722.6611
"Medidor 4 - ICAS","Potencia activa L3","W",-2197.6856163022844,-11506.8223,0,"2025-03-07T01:26:42.102Z",-3355.6653
"Medidor 4 - ICAS","Potencia activa L3","W",-2197.6856163022844,-11506.8223,0,"2025-03-07T01:27:42.116Z",-3701.9365
"Medidor 4 - ICAS","Potencia activa L3","W",-2197.6856163022844,-11506.8223,0,"2025-03-07T01:28:42.240Z",-3654.5586
"Medidor 4 - ICAS","Potencia activa L3","W",-2197.6856163022844,-11506.8223,0,"2025-03-07T01:29:42.327Z",-3753.4839
"Medidor 4 - ICAS","Potencia activa L3","W",-2197.6856163022844,-11506.8223,0,"2025-03-07T01:30:42.331Z",-3722.5112
"Medidor 4 - ICAS","Potencia activa L3","W",-2197.6856163022844,-11506.8223,0,"2025-03-07T01:31:42.515Z",-3727.2976
"Medidor 4 - ICAS","Potencia activa L3","W",-2197.6856163022844,-11506.8223,0,"2025-03-07T01:32:42.612Z",-3643.3035
"Medidor 4 - ICAS","Potencia activa L3","W",-2197.6856163022844,-11506.8223,0,"2025-03-07T01:33:42.609Z",-3335.1418
"Medidor 4 - ICAS","Potencia activa L3","W",-2197.6856163022844,-11506.8223,0,"2025-03-07T01:34:42.710Z",-3717.9453
"Medidor 4 - ICAS","Potencia activa L3","W",-2197.6856163022844,-11506.8223,0,"2025-03-07T01:35:42.883Z",-3320.8867
"Medidor 4 - ICAS","Potencia activa L3","W",-2197.6856163022844,-11506.8223,0,"2025-03-07T01:36:42.949Z",-3846.76
"Medidor 4 - ICAS","Potencia activa L3","W",-2197.6856163022844,-11506.8223,0,"2025-03-07T01:37:42.940Z",-3348.792
"Medidor 4 - ICAS","Potencia activa L3","W",-2197.6856163022844,-11506.8223,0,"2025-03-07T01:38:43.041Z",-3746.1521
"Medidor 4 - ICAS","Potencia activa L3","W",-2197.6856163022844,-11506.8223,0,"2025-03-07T01:39:43.075Z",-3322.4238
"Medidor 4 - ICAS","Potencia activa L3","W",-2197.6856163022844,-11506.8223,0,"2025-03-07T01:40:43.255Z",-3704.4675
"Medidor 4 - ICAS","Potencia activa L3","W",-2197.6856163022844,-11506.8223,0,"2025-03-07T01:41:43.274Z",-3683.1125
"Medidor 4 - ICAS","Potencia activa L3","W",-2197.6856163022844,-11506.8223,0,"2025-03-07T01:42:43.395Z",-3767.5781
"Medidor 4 - ICAS","Potencia activa L3","W",-2197.6856163022844,-11506.8223,0,"2025-03-07T01:43:43.518Z",-3853.2124
"Medidor 4 - ICAS","Potencia activa L3","W",-2197.6856163022844,-11506.8223,0,"2025-03-07T01:44:43.556Z",-3492.6804
"Medidor 4 - ICAS","Potencia activa L3","W",-2197.6856163022844,-11506.8223,0,"2025-03-07T01:45:43.682Z",-4070.7581
"Medidor 4 - ICAS","Potencia activa L3","W",-2197.6856163022844,-11506.8223,0,"2025-03-07T01:46:43.737Z",-3549.873
"Medidor 4 - ICAS","Potencia activa L3","W",-2197.6856163022844,-11506.8223,0,"2025-03-07T01:47:43.890Z",-3865.4172
"Medidor 4 - ICAS","Potencia activa L3","W",-2197.6856163022844,-11506.8223,0,"2025-03-07T01:48:43.923Z",-3484.0225
"Medidor 4 - ICAS","Potencia activa L3","W",-2197.6856163022844,-11506.8223,0,"2025-03-07T01:49:44.075Z",-3694.3643
"Medidor 4 - ICAS","Potencia activa L3","W",-2197.6856163022844,-11506.8223,0,"2025-03-07T01:50:44.093Z",-3325.7913
"Medidor 4 - ICAS","Potencia activa L3","W",-2197.6856163022844,-11506.8223,0,"2025-03-07T01:51:44.222Z",-3666.4546
"Medidor 4 - ICAS","Potencia activa L3","W",-2197.6856163022844,-11506.8223,0,"2025-03-07T01:52:44.268Z",-3583.3467
"Medidor 4 - ICAS","Potencia activa L3","W",-2197.6856163022844,-11506.8223,0,"2025-03-07T01:53:44.429Z",-3672.6096
"Medidor 4 - ICAS","Potencia activa L3","W",-2197.6856163022844,-11506.8223,0,"2025-03-07T01:54:44.514Z",-3805.1541
"Medidor 4 - ICAS","Potencia activa L3","W",-2197.6856163022844,-11506.8223,0,"2025-03-07T01:55:44.503Z",-3459.2939
"Medidor 4 - ICAS","Potencia activa L3","W",-2197.6856163022844,-11506.8223,0,"2025-03-07T01:56:44.635Z",-3790.9666
"Medidor 4 - ICAS","Potencia activa L3","W",-2197.6856163022844,-11506.8223,0,"2025-03-07T01:57:44.794Z",-3436.9292
"Medidor 4 - ICAS","Potencia activa L3","W",-2197.6856163022844,-11506.8223,0,"2025-03-07T01:58:44.819Z",-3815.5884
"Medidor 4 - ICAS","Potencia activa L3","W",-2197.6856163022844,-11506.8223,0,"2025-03-07T01:59:44.955Z",-3259.4641
"Medidor 4 - ICAS","Potencia activa L3","W",-2197.6856163022844,-11506.8223,0,"2025-03-07T02:00:45.055Z",-3574.6912
"Medidor 4 - ICAS","Potencia activa L3","W",-2197.6856163022844,-11506.8223,0,"2025-03-07T02:01:45.057Z",-3603.3508
"Medidor 4 - ICAS","Potencia activa L3","W",-2197.6856163022844,-11506.8223,0,"2025-03-07T02:02:45.264Z",-3669.6206
"Medidor 4 - ICAS","Potencia activa L3","W",-2197.6856163022844,-11506.8223,0,"2025-03-07T02:03:45.230Z",-3603.187
"Medidor 4 - ICAS","Potencia activa L3","W",-2197.6856163022844,-11506.8223,0,"2025-03-07T02:04:45.356Z",-3627.4216
"Medidor 4 - ICAS","Potencia activa L3","W",-2197.6856163022844,-11506.8223,0,"2025-03-07T02:05:45.499Z",-3779.3247
"Medidor 4 - ICAS","Potencia activa L3","W",-2197.6856163022844,-11506.8223,0,"2025-03-07T02:06:45.489Z",-3435.2764
"Medidor 4 - ICAS","Potencia activa L3","W",-2197.6856163022844,-11506.8223,0,"2025-03-07T02:07:45.641Z",-3932.1169
"Medidor 4 - ICAS","Potencia activa L3","W",-2197.6856163022844,-11506.8223,0,"2025-03-07T02:08:45.720Z",-3212.1628
"Medidor 4 - ICAS","Potencia activa L3","W",-2197.6856163022844,-11506.8223,0,"2025-03-07T02:09:45.804Z",-4419.2993
"Medidor 4 - ICAS","Potencia activa L3","W",-2197.6856163022844,-11506.8223,0,"2025-03-07T02:10:45.891Z",-3278.6162
"Medidor 4 - ICAS","Potencia activa L3","W",-2197.6856163022844,-11506.8223,0,"2025-03-07T02:11:45.949Z",-3666.8643
"Medidor 4 - ICAS","Potencia activa L3","W",-2197.6856163022844,-11506.8223,0,"2025-03-07T02:12:46.030Z",-3740.9907
"Medidor 4 - ICAS","Potencia activa L3","W",-2197.6856163022844,-11506.8223,0,"2025-03-07T02:13:46.097Z",-3668.0715
"Medidor 4 - ICAS","Potencia activa L3","W",-2197.6856163022844,-11506.8223,0,"2025-03-07T02:14:46.197Z",-3662.8818
"Medidor 4 - ICAS","Potencia activa L3","W",-2197.6856163022844,-11506.8223,0,"2025-03-07T02:15:46.224Z",-3288.2637
"Medidor 4 - ICAS","Potencia activa L3","W",-2197.6856163022844,-11506.8223,0,"2025-03-07T02:16:46.424Z",-3598.5664
"Medidor 4 - ICAS","Potencia activa L3","W",-2197.6856163022844,-11506.8223,0,"2025-03-07T02:17:46.375Z",-3228.103
"Medidor 4 - ICAS","Potencia activa L3","W",-2197.6856163022844,-11506.8223,0,"2025-03-07T02:18:46.619Z",-3626.011
"Medidor 4 - ICAS","Potencia activa L3","W",-2197.6856163022844,-11506.8223,0,"2025-03-07T02:19:46.622Z",-3251.9795
"Medidor 4 - ICAS","Potencia activa L3","W",-2197.6856163022844,-11506.8223,0,"2025-03-07T02:20:46.715Z",-3612.488
"Medidor 4 - ICAS","Potencia activa L3","W",-2197.6856163022844,-11506.8223,0,"2025-03-07T02:21:46.859Z",-3731.6016
"Medidor 4 - ICAS","Potencia activa L3","W",-2197.6856163022844,-11506.8223,0,"2025-03-07T02:22:46.878Z",-3665.9932
"Medidor 4 - ICAS","Potencia activa L3","W",-2197.6856163022844,-11506.8223,0,"2025-03-07T02:23:47.034Z",-3616.7576
"Medidor 4 - ICAS","Potencia activa L3","W",-2197.6856163022844,-11506.8223,0,"2025-03-07T02:24:46.985Z",-3210.3909
"Medidor 4 - ICAS","Potencia activa L3","W",-2197.6856163022844,-11506.8223,0,"2025-03-07T02:25:47.110Z",-3580.0271
"Medidor 4 - ICAS","Potencia activa L3","W",-2197.6856163022844,-11506.8223,0,"2025-03-07T02:26:47.132Z",-3437.8735
"Medidor 4 - ICAS","Potencia activa L3","W",-2197.6856163022844,-11506.8223,0,"2025-03-07T02:27:47.315Z",-3670.1841
"Medidor 4 - ICAS","Potencia activa L3","W",-2197.6856163022844,-11506.8223,0,"2025-03-07T02:28:47.359Z",-3228.8879
"Medidor 4 - ICAS","Potencia activa L3","W",-2197.6856163022844,-11506.8223,0,"2025-03-07T02:29:47.347Z",-3623.0933
"Medidor 4 - ICAS","Potencia activa L3","W",-2197.6856163022844,-11506.8223,0,"2025-03-07T02:30:47.444Z",-3357.7847
"Medidor 4 - ICAS","Potencia activa L3","W",-2197.6856163022844,-11506.8223,0,"2025-03-07T02:31:47.514Z",-3498.0625
"Medidor 4 - ICAS","Potencia activa L3","W",-2197.6856163022844,-11506.8223,0,"2025-03-07T02:32:47.569Z",-3405.9341
"Medidor 4 - ICAS","Potencia activa L3","W",-2197.6856163022844,-11506.8223,0,"2025-03-07T02:33:47.725Z",-3451.7451
"Medidor 4 - ICAS","Potencia activa L3","W",-2197.6856163022844,-11506.8223,0,"2025-03-07T02:34:47.764Z",-3631.1157
"Medidor 4 - ICAS","Potencia activa L3","W",-2197.6856163022844,-11506.8223,0,"2025-03-07T02:35:47.824Z",-3241.9585
"Medidor 4 - ICAS","Potencia activa L3","W",-2197.6856163022844,-11506.8223,0,"2025-03-07T02:36:48.051Z",-3581.2781
"Medidor 4 - ICAS","Potencia activa L3","W",-2197.6856163022844,-11506.8223,0,"2025-03-07T02:37:48.077Z",-3192.4802
"Medidor 4 - ICAS","Potencia activa L3","W",-2197.6856163022844,-11506.8223,0,"2025-03-07T02:38:48.176Z",-3427.9944
"Medidor 4 - ICAS","Potencia activa L3","W",-2197.6856163022844,-11506.8223,0,"2025-03-07T02:39:48.182Z",-3202.832
"Medidor 4 - ICAS","Potencia activa L3","W",-2197.6856163022844,-11506.8223,0,"2025-03-07T02:40:48.327Z",-3439.6494
"Medidor 4 - ICAS","Potencia activa L3","W",-2197.6856163022844,-11506.8223,0,"2025-03-07T02:41:48.432Z",-3403.0969
"Medidor 4 - ICAS","Potencia activa L3","W",-2197.6856163022844,-11506.8223,0,"2025-03-07T02:42:48.355Z",-3246.8042
"Medidor 4 - ICAS","Potencia activa L3","W",-2197.6856163022844,-11506.8223,0,"2025-03-07T02:43:48.540Z",-3360.9233
"Medidor 4 - ICAS","Potencia activa L3","W",-2197.6856163022844,-11506.8223,0,"2025-03-07T02:44:48.635Z",-2824.2126
"Medidor 4 - ICAS","Potencia activa L3","W",-2197.6856163022844,-11506.8223,0,"2025-03-07T02:45:48.734Z",-3177.8396
"Medidor 4 - ICAS","Potencia activa L3","W",-2197.6856163022844,-11506.8223,0,"2025-03-07T02:46:48.864Z",-2814.3811
"Medidor 4 - ICAS","Potencia activa L3","W",-2197.6856163022844,-11506.8223,0,"2025-03-07T02:47:48.834Z",-3196.2661
"Medidor 4 - ICAS","Potencia activa L3","W",-2197.6856163022844,-11506.8223,0,"2025-03-07T02:48:49.010Z",-2794.031
"Medidor 4 - ICAS","Potencia activa L3","W",-2197.6856163022844,-11506.8223,0,"2025-03-07T02:49:49.040Z",-3333.8027
"Medidor 4 - ICAS","Potencia activa L3","W",-2197.6856163022844,-11506.8223,0,"2025-03-07T02:50:49.163Z",-2515.6106
"Medidor 4 - ICAS","Potencia activa L3","W",-2197.6856163022844,-11506.8223,0,"2025-03-07T02:51:49.251Z",-2917.1069
"Medidor 4 - ICAS","Potencia activa L3","W",-2197.6856163022844,-11506.8223,0,"2025-03-07T02:52:49.227Z",-2862.3662
"Medidor 4 - ICAS","Potencia activa L3","W",-2197.6856163022844,-11506.8223,0,"2025-03-07T02:53:49.419Z",-2785.9346
"Medidor 4 - ICAS","Potencia activa L3","W",-2197.6856163022844,-11506.8223,0,"2025-03-07T02:54:49.488Z",-2523.1172
"Medidor 4 - ICAS","Potencia activa L3","W",-2197.6856163022844,-11506.8223,0,"2025-03-07T02:55:49.567Z",-2142.6899
"Medidor 4 - ICAS","Potencia activa L3","W",-2197.6856163022844,-11506.8223,0,"2025-03-07T02:56:49.684Z",-2557.5769
"Medidor 4 - ICAS","Potencia activa L3","W",-2197.6856163022844,-11506.8223,0,"2025-03-07T02:57:49.770Z",-2137.6443
"Medidor 4 - ICAS","Potencia activa L3","W",-2197.6856163022844,-11506.8223,0,"2025-03-07T02:58:49.825Z",-2559.0078
"Medidor 4 - ICAS","Potencia activa L3","W",-2197.6856163022844,-11506.8223,0,"2025-03-07T02:59:49.886Z",-2161.7568
"Medidor 4 - ICAS","Potencia activa L3","W",-2197.6856163022844,-11506.8223,0,"2025-03-07T03:00:49.934Z",-2558.4119
"Medidor 4 - ICAS","Potencia activa L3","W",-2197.6856163022844,-11506.8223,0,"2025-03-07T03:01:50.075Z",-2351.9736
"Medidor 4 - ICAS","Potencia activa L3","W",-2197.6856163022844,-11506.8223,0,"2025-03-07T03:02:50.186Z",-2384.6458
"Medidor 4 - ICAS","Potencia activa L3","W",-2197.6856163022844,-11506.8223,0,"2025-03-07T03:03:50.212Z",-2343.6929
"Medidor 4 - ICAS","Potencia activa L3","W",-2197.6856163022844,-11506.8223,0,"2025-03-07T03:04:50.286Z",-1920.7366
"Medidor 4 - ICAS","Potencia activa L3","W",-2197.6856163022844,-11506.8223,0,"2025-03-07T03:05:50.375Z",-2575.8618
"Medidor 4 - ICAS","Potencia activa L3","W",-2197.6856163022844,-11506.8223,0,"2025-03-07T03:06:50.418Z",-1981.9192
"Medidor 4 - ICAS","Potencia activa L3","W",-2197.6856163022844,-11506.8223,0,"2025-03-07T03:07:50.499Z",-2360.1143
"Medidor 4 - ICAS","Potencia activa L3","W",-2197.6856163022844,-11506.8223,0,"2025-03-07T03:08:50.565Z",-2009.5143
"Medidor 4 - ICAS","Potencia activa L3","W",-2197.6856163022844,-11506.8223,0,"2025-03-07T03:09:50.564Z",-2401.1892
"Medidor 4 - ICAS","Potencia activa L3","W",-2197.6856163022844,-11506.8223,0,"2025-03-07T03:10:50.779Z",-1799.3198
"Medidor 4 - ICAS","Potencia activa L3","W",-2197.6856163022844,-11506.8223,0,"2025-03-07T03:11:50.775Z",-2196.5491
"Medidor 4 - ICAS","Potencia activa L3","W",-2197.6856163022844,-11506.8223,0,"2025-03-07T03:12:50.842Z",-2160.5251
"Medidor 4 - ICAS","Potencia activa L3","W",-2197.6856163022844,-11506.8223,0,"2025-03-07T03:13:50.943Z",-2212.7761
"Medidor 4 - ICAS","Potencia activa L3","W",-2197.6856163022844,-11506.8223,0,"2025-03-07T03:14:50.995Z",-1832.7777
"Medidor 4 - ICAS","Potencia activa L3","W",-2197.6856163022844,-11506.8223,0,"2025-03-07T03:15:51.052Z",-1308.1635
"Medidor 4 - ICAS","Potencia activa L3","W",-2197.6856163022844,-11506.8223,0,"2025-03-07T03:16:51.166Z",-1863.1379
"Medidor 4 - ICAS","Potencia activa L3","W",-2197.6856163022844,-11506.8223,0,"2025-03-07T03:17:51.252Z",-1283.4821
"Medidor 4 - ICAS","Potencia activa L3","W",-2197.6856163022844,-11506.8223,0,"2025-03-07T03:18:51.417Z",-1529.088
"Medidor 4 - ICAS","Potencia activa L3","W",-2197.6856163022844,-11506.8223,0,"2025-03-07T03:19:51.430Z",-841.3459
"Medidor 4 - ICAS","Potencia activa L3","W",-2197.6856163022844,-11506.8223,0,"2025-03-07T03:20:51.537Z",-1233.1685
"Medidor 4 - ICAS","Potencia activa L3","W",-2197.6856163022844,-11506.8223,0,"2025-03-07T03:21:51.611Z",-844.9091
"Medidor 4 - ICAS","Potencia activa L3","W",-2197.6856163022844,-11506.8223,0,"2025-03-07T03:22:51.733Z",-1246.6556
"Medidor 4 - ICAS","Potencia activa L3","W",-2197.6856163022844,-11506.8223,0,"2025-03-07T03:23:51.831Z",-987.1525
"Medidor 4 - ICAS","Potencia activa L3","W",-2197.6856163022844,-11506.8223,0,"2025-03-07T03:24:51.953Z",-1003.5296
"Medidor 4 - ICAS","Potencia activa L3","W",-2197.6856163022844,-11506.8223,0,"2025-03-07T03:25:52.022Z",-957.2449
"Medidor 4 - ICAS","Potencia activa L3","W",-2197.6856163022844,-11506.8223,0,"2025-03-07T03:26:52.124Z",-1007.4546
"Medidor 4 - ICAS","Potencia activa L3","W",-2197.6856163022844,-11506.8223,0,"2025-03-07T03:27:52.229Z",-1118.2335
"Medidor 4 - ICAS","Potencia activa L3","W",-2197.6856163022844,-11506.8223,0,"2025-03-07T03:28:52.327Z",-605.9892
"Medidor 4 - ICAS","Potencia activa L3","W",-2197.6856163022844,-11506.8223,0,"2025-03-07T03:29:52.398Z",-982.3065
"Medidor 4 - ICAS","Potencia activa L3","W",-2197.6856163022844,-11506.8223,0,"2025-03-07T03:30:52.460Z",-606.7779
"Medidor 4 - ICAS","Potencia activa L3","W",-2197.6856163022844,-11506.8223,0,"2025-03-07T03:31:52.562Z",-971.4158
"Medidor 4 - ICAS","Potencia activa L3","W",-2197.6856163022844,-11506.8223,0,"2025-03-07T03:32:52.586Z",-1332.9767
"Medidor 4 - ICAS","Potencia activa L3","W",-2197.6856163022844,-11506.8223,0,"2025-03-07T03:33:52.709Z",-1136.5956
"Medidor 4 - ICAS","Potencia activa L3","W",-2197.6856163022844,-11506.8223,0,"2025-03-07T03:34:52.829Z",-748.0204
"Medidor 4 - ICAS","Potencia activa L3","W",-2197.6856163022844,-11506.8223,0,"2025-03-07T03:35:52.888Z",-1147.2833
"Medidor 4 - ICAS","Potencia activa L3","W",-2197.6856163022844,-11506.8223,0,"2025-03-07T03:36:53.015Z",-1234.0496
"Medidor 4 - ICAS","Potencia activa L3","W",-2197.6856163022844,-11506.8223,0,"2025-03-07T03:37:53.106Z",-1754.7859
"Medidor 4 - ICAS","Potencia activa L3","W",-2197.6856163022844,-11506.8223,0,"2025-03-07T03:38:53.215Z",-967.6753
"Medidor 4 - ICAS","Potencia activa L3","W",-2197.6856163022844,-11506.8223,0,"2025-03-07T03:39:53.298Z",-592.67
"Medidor 4 - ICAS","Potencia activa L3","W",-2197.6856163022844,-11506.8223,0,"2025-03-07T03:40:53.314Z",-968.9637
"Medidor 4 - ICAS","Potencia activa L3","W",-2197.6856163022844,-11506.8223,0,"2025-03-07T03:41:53.435Z",-603.5455
"Medidor 4 - ICAS","Potencia activa L3","W",-2197.6856163022844,-11506.8223,0,"2025-03-07T03:42:53.544Z",-1791.85
"Medidor 4 - ICAS","Potencia activa L3","W",-2197.6856163022844,-11506.8223,0,"2025-03-07T03:43:53.667Z",-603.1516
"Medidor 4 - ICAS","Potencia activa L3","W",-2197.6856163022844,-11506.8223,0,"2025-03-07T03:44:53.758Z",-980.0811
"Medidor 4 - ICAS","Potencia activa L3","W",-2197.6856163022844,-11506.8223,0,"2025-03-07T03:45:53.754Z",-761.8893
"Medidor 4 - ICAS","Potencia activa L3","W",-2197.6856163022844,-11506.8223,0,"2025-03-07T03:46:53.892Z",-1005.7876
"Medidor 4 - ICAS","Potencia activa L3","W",-2197.6856163022844,-11506.8223,0,"2025-03-07T03:47:53.970Z",-967.03
"Medidor 4 - ICAS","Potencia activa L3","W",-2197.6856163022844,-11506.8223,0,"2025-03-07T03:48:53.987Z",-1019.8802
"Medidor 4 - ICAS","Potencia activa L3","W",-2197.6856163022844,-11506.8223,0,"2025-03-07T03:49:54.046Z",-1131.3977
"Medidor 4 - ICAS","Potencia activa L3","W",-2197.6856163022844,-11506.8223,0,"2025-03-07T03:50:54.163Z",-1901.7426
"Medidor 4 - ICAS","Potencia activa L3","W",-2197.6856163022844,-11506.8223,0,"2025-03-07T03:51:54.297Z",-1132.9315
"Medidor 4 - ICAS","Potencia activa L3","W",-2197.6856163022844,-11506.8223,0,"2025-03-07T03:52:54.321Z",-730.2142
"Medidor 4 - ICAS","Potencia activa L3","W",-2197.6856163022844,-11506.8223,0,"2025-03-07T03:53:54.318Z",-977.2012
"Medidor 4 - ICAS","Potencia activa L3","W",-2197.6856163022844,-11506.8223,0,"2025-03-07T03:54:54.523Z",-587.4033
"Medidor 4 - ICAS","Potencia activa L3","W",-2197.6856163022844,-11506.8223,0,"2025-03-07T03:55:54.599Z",-1768.6145
"Medidor 4 - ICAS","Potencia activa L3","W",-2197.6856163022844,-11506.8223,0,"2025-03-07T03:56:54.663Z",-587.6733
"Medidor 4 - ICAS","Potencia activa L3","W",-2197.6856163022844,-11506.8223,0,"2025-03-07T03:57:54.734Z",-988.0847
"Medidor 4 - ICAS","Potencia activa L3","W",-2197.6856163022844,-11506.8223,0,"2025-03-07T03:58:54.796Z",-752.8077
"Medidor 4 - ICAS","Potencia activa L3","W",-2197.6856163022844,-11506.8223,0,"2025-03-07T03:59:54.959Z",-1002.6437
"Medidor 4 - ICAS","Potencia activa L3","W",-2197.6856163022844,-11506.8223,0,"2025-03-07T04:00:55.035Z",-958.9418
"Medidor 4 - ICAS","Potencia activa L3","W",-2197.6856163022844,-11506.8223,0,"2025-03-07T04:01:55.124Z",-1006.0049
"Medidor 4 - ICAS","Potencia activa L3","W",-2197.6856163022844,-11506.8223,0,"2025-03-07T04:02:55.250Z",-1161.9033
"Medidor 4 - ICAS","Potencia activa L3","W",-2197.6856163022844,-11506.8223,0,"2025-03-07T04:03:55.371Z",-1497.5579
"Medidor 4 - ICAS","Potencia activa L3","W",-2197.6856163022844,-11506.8223,0,"2025-03-07T04:04:55.406Z",-1158.2424
"Medidor 4 - ICAS","Potencia activa L3","W",-2197.6856163022844,-11506.8223,0,"2025-03-07T04:05:55.536Z",-586.4642
"Medidor 4 - ICAS","Potencia activa L3","W",-2197.6856163022844,-11506.8223,0,"2025-03-07T04:06:55.612Z",-962.0432
"Medidor 4 - ICAS","Potencia activa L3","W",-2197.6856163022844,-11506.8223,0,"2025-03-07T04:07:55.733Z",-746.4581
"Medidor 4 - ICAS","Potencia activa L3","W",-2197.6856163022844,-11506.8223,0,"2025-03-07T04:08:55.855Z",-1744.2637
"Medidor 4 - ICAS","Potencia activa L3","W",-2197.6856163022844,-11506.8223,0,"2025-03-07T04:09:55.890Z",-588.9722
"Medidor 4 - ICAS","Potencia activa L3","W",-2197.6856163022844,-11506.8223,0,"2025-03-07T04:10:55.973Z",-986.0239
"Medidor 4 - ICAS","Potencia activa L3","W",-2197.6856163022844,-11506.8223,0,"2025-03-07T04:11:56.108Z",-747.3322
"Medidor 4 - ICAS","Potencia activa L3","W",-2197.6856163022844,-11506.8223,0,"2025-03-07T04:12:56.212Z",-996.7427
"Medidor 4 - ICAS","Potencia activa L3","W",-2197.6856163022844,-11506.8223,0,"2025-03-07T04:13:56.295Z",-950.6463
"Medidor 4 - ICAS","Potencia activa L3","W",-2197.6856163022844,-11506.8223,0,"2025-03-07T04:14:56.384Z",-1007.5919
"Medidor 4 - ICAS","Potencia activa L3","W",-2197.6856163022844,-11506.8223,0,"2025-03-07T04:15:56.509Z",-960.5582
"Medidor 4 - ICAS","Potencia activa L3","W",-2197.6856163022844,-11506.8223,0,"2025-03-07T04:16:56.619Z",-1511.7552
"Medidor 4 - ICAS","Potencia activa L3","W",-2197.6856163022844,-11506.8223,0,"2025-03-07T04:17:56.657Z",-962.7811
"Medidor 4 - ICAS","Potencia activa L3","W",-2197.6856163022844,-11506.8223,0,"2025-03-07T04:18:56.697Z",-584.5444
"Medidor 4 - ICAS","Potencia activa L3","W",-2197.6856163022844,-11506.8223,0,"2025-03-07T04:19:56.841Z",-961.0849
"Medidor 4 - ICAS","Potencia activa L3","W",-2197.6856163022844,-11506.8223,0,"2025-03-07T04:20:56.950Z",-585.592
"Medidor 4 - ICAS","Potencia activa L3","W",-2197.6856163022844,-11506.8223,0,"2025-03-07T04:21:57.070Z",-952.5583
"Medidor 4 - ICAS","Potencia activa L3","W",-2197.6856163022844,-11506.8223,0,"2025-03-07T04:22:57.174Z",-565.7493
"Medidor 4 - ICAS","Potencia activa L3","W",-2197.6856163022844,-11506.8223,0,"2025-03-07T04:23:57.190Z",-961.671
"Medidor 4 - ICAS","Potencia activa L3","W",-2197.6856163022844,-11506.8223,0,"2025-03-07T04:24:57.330Z",-1243.205
"Medidor 4 - ICAS","Potencia activa L3","W",-2197.6856163022844,-11506.8223,0,"2025-03-07T04:25:57.478Z",-1095.724
"Medidor 4 - ICAS","Potencia activa L3","W",-2197.6856163022844,-11506.8223,0,"2025-03-07T04:26:57.489Z",-902.1579
"Medidor 4 - ICAS","Potencia activa L3","W",-2197.6856163022844,-11506.8223,0,"2025-03-07T04:27:57.605Z",-950.3539
"Medidor 4 - ICAS","Potencia activa L3","W",-2197.6856163022844,-11506.8223,0,"2025-03-07T04:28:57.723Z",-1062.5881
"Medidor 4 - ICAS","Potencia activa L3","W",-2197.6856163022844,-11506.8223,0,"2025-03-07T04:29:57.720Z",-1901.6611
"Medidor 4 - ICAS","Potencia activa L3","W",-2197.6856163022844,-11506.8223,0,"2025-03-07T04:30:57.841Z",-1064.4994
"Medidor 4 - ICAS","Potencia activa L3","W",-2197.6856163022844,-11506.8223,0,"2025-03-07T04:31:57.982Z",-566.2318
"Medidor 4 - ICAS","Potencia activa L3","W",-2197.6856163022844,-11506.8223,0,"2025-03-07T04:32:58.019Z",-946.0507
"Medidor 4 - ICAS","Potencia activa L3","W",-2197.6856163022844,-11506.8223,0,"2025-03-07T04:33:58.026Z",-562.8759
"Medidor 4 - ICAS","Potencia activa L3","W",-2197.6856163022844,-11506.8223,0,"2025-03-07T04:34:58.174Z",-940.3948
"Medidor 4 - ICAS","Potencia activa L3","W",-2197.6856163022844,-11506.8223,0,"2025-03-07T04:35:58.243Z",-561.4873
"Medidor 4 - ICAS","Potencia activa L3","W",-2197.6856163022844,-11506.8223,0,"2025-03-07T04:36:58.291Z",-946.8628
"Medidor 4 - ICAS","Potencia activa L3","W",-2197.6856163022844,-11506.8223,0,"2025-03-07T04:37:58.313Z",-1315.1421
"Medidor 4 - ICAS","Potencia activa L3","W",-2197.6856163022844,-11506.8223,0,"2025-03-07T04:38:58.472Z",-1145.1788
"Medidor 4 - ICAS","Potencia activa L3","W",-2197.6856163022844,-11506.8223,0,"2025-03-07T04:39:58.559Z",-581.8578
"Medidor 4 - ICAS","Potencia activa L3","W",-2197.6856163022844,-11506.8223,0,"2025-03-07T04:40:58.711Z",-990.9999
"Medidor 4 - ICAS","Potencia activa L3","W",-2197.6856163022844,-11506.8223,0,"2025-03-07T04:41:58.782Z",-952.4774
"Medidor 4 - ICAS","Potencia activa L3","W",-2197.6856163022844,-11506.8223,0,"2025-03-07T04:42:58.817Z",-1964.5526
"Medidor 4 - ICAS","Potencia activa L3","W",-2197.6856163022844,-11506.8223,0,"2025-03-07T04:43:58.863Z",-959.0167
"Medidor 4 - ICAS","Potencia activa L3","W",-2197.6856163022844,-11506.8223,0,"2025-03-07T04:44:58.986Z",-1166.719
"Medidor 4 - ICAS","Potencia activa L3","W",-2197.6856163022844,-11506.8223,0,"2025-03-07T04:45:58.996Z",-1124.8927
"Medidor 4 - ICAS","Potencia activa L3","W",-2197.6856163022844,-11506.8223,0,"2025-03-07T04:46:59.134Z",-758.2651
"Medidor 4 - ICAS","Potencia activa L3","W",-2197.6856163022844,-11506.8223,0,"2025-03-07T04:47:59.252Z",-955.5792
"Medidor 4 - ICAS","Potencia activa L3","W",-2197.6856163022844,-11506.8223,0,"2025-03-07T04:48:59.320Z",-778.7562
"Medidor 4 - ICAS","Potencia activa L3","W",-2197.6856163022844,-11506.8223,0,"2025-03-07T04:49:59.374Z",-1156.3004
"Medidor 4 - ICAS","Potencia activa L3","W",-2197.6856163022844,-11506.8223,0,"2025-03-07T04:50:59.362Z",-1575.1637
"Medidor 4 - ICAS","Potencia activa L3","W",-2197.6856163022844,-11506.8223,0,"2025-03-07T04:51:59.481Z",-1131.634
"Medidor 4 - ICAS","Potencia activa L3","W",-2197.6856163022844,-11506.8223,0,"2025-03-07T04:52:59.655Z",-586.9109
"Medidor 4 - ICAS","Potencia activa L3","W",-2197.6856163022844,-11506.8223,0,"2025-03-07T04:53:59.765Z",-972.3474
"Medidor 4 - ICAS","Potencia activa L3","W",-2197.6856163022844,-11506.8223,0,"2025-03-07T04:54:59.812Z",-580.6337
"Medidor 4 - ICAS","Potencia activa L3","W",-2197.6856163022844,-11506.8223,0,"2025-03-07T04:55:59.843Z",-986.1376
"Medidor 4 - ICAS","Potencia activa L3","W",-2197.6856163022844,-11506.8223,0,"2025-03-07T04:56:59.955Z",-580.0955
"Medidor 4 - ICAS","Potencia activa L3","W",-2197.6856163022844,-11506.8223,0,"2025-03-07T04:58:00.041Z",-968.5776
"Medidor 4 - ICAS","Potencia activa L3","W",-2197.6856163022844,-11506.8223,0,"2025-03-07T04:59:00.068Z",-920.0183
"Medidor 4 - ICAS","Potencia activa L3","W",-2197.6856163022844,-11506.8223,0,"2025-03-07T05:00:00.127Z",-967.0938
"Medidor 4 - ICAS","Potencia activa L3","W",-2197.6856163022844,-11506.8223,0,"2025-03-07T05:01:00.313Z",-1091.7389
"Medidor 4 - ICAS","Potencia activa L3","W",-2197.6856163022844,-11506.8223,0,"2025-03-07T05:02:00.399Z",-972.7174
"Medidor 4 - ICAS","Potencia activa L3","W",-2197.6856163022844,-11506.8223,0,"2025-03-07T05:03:00.431Z",-926.8799
"Medidor 4 - ICAS","Potencia activa L3","W",-2197.6856163022844,-11506.8223,0,"2025-03-07T05:04:00.492Z",-979.2899
"Medidor 4 - ICAS","Potencia activa L3","W",-2197.6856163022844,-11506.8223,0,"2025-03-07T05:05:00.570Z",-922.7076
"Medidor 4 - ICAS","Potencia activa L3","W",-2197.6856163022844,-11506.8223,0,"2025-03-07T05:06:00.753Z",-530.1742
"Medidor 4 - ICAS","Potencia activa L3","W",-2197.6856163022844,-11506.8223,0,"2025-03-07T05:07:00.809Z",-906.6906
"Medidor 4 - ICAS","Potencia activa L3","W",-2197.6856163022844,-11506.8223,0,"2025-03-07T05:08:00.905Z",-532.1095
"Medidor 4 - ICAS","Potencia activa L3","W",-2197.6856163022844,-11506.8223,0,"2025-03-07T05:09:00.977Z",-909.4401
"Medidor 4 - ICAS","Potencia activa L3","W",-2197.6856163022844,-11506.8223,0,"2025-03-07T05:10:01.125Z",-694.4811
"Medidor 4 - ICAS","Potencia activa L3","W",-2197.6856163022844,-11506.8223,0,"2025-03-07T05:11:01.196Z",-914.2626
"Medidor 4 - ICAS","Potencia activa L3","W",-2197.6856163022844,-11506.8223,0,"2025-03-07T05:12:01.242Z",-527.0052
"Medidor 4 - ICAS","Potencia activa L3","W",-2197.6856163022844,-11506.8223,0,"2025-03-07T05:13:01.362Z",-925.0809
"Medidor 4 - ICAS","Potencia activa L3","W",-2197.6856163022844,-11506.8223,0,"2025-03-07T05:14:01.364Z",-690.314
"Medidor 4 - ICAS","Potencia activa L3","W",-2197.6856163022844,-11506.8223,0,"2025-03-07T05:15:01.513Z",-931.8969
"Medidor 4 - ICAS","Potencia activa L3","W",-2197.6856163022844,-11506.8223,0,"2025-03-07T05:16:01.681Z",-691.4869
"Medidor 4 - ICAS","Potencia activa L3","W",-2197.6856163022844,-11506.8223,0,"2025-03-07T05:17:01.662Z",-1105.0038
"Medidor 4 - ICAS","Potencia activa L3","W",-2197.6856163022844,-11506.8223,0,"2025-03-07T05:18:01.723Z",-1061.8938
"Medidor 4 - ICAS","Potencia activa L3","W",-2197.6856163022844,-11506.8223,0,"2025-03-07T05:19:01.939Z",-1103.8384
"Medidor 4 - ICAS","Potencia activa L3","W",-2197.6856163022844,-11506.8223,0,"2025-03-07T05:20:01.965Z",-905.2685
"Medidor 4 - ICAS","Potencia activa L3","W",-2197.6856163022844,-11506.8223,0,"2025-03-07T05:21:01.995Z",-953.1782
"Medidor 4 - ICAS","Potencia activa L3","W",-2197.6856163022844,-11506.8223,0,"2025-03-07T05:22:02.097Z",-930.0538
"Medidor 4 - ICAS","Potencia activa L3","W",-2197.6856163022844,-11506.8223,0,"2025-03-07T05:23:02.196Z",-714.9598
"Medidor 4 - ICAS","Potencia activa L3","W",-2197.6856163022844,-11506.8223,0,"2025-03-07T05:24:02.288Z",-934.7861
"Medidor 4 - ICAS","Potencia activa L3","W",-2197.6856163022844,-11506.8223,0,"2025-03-07T05:25:02.408Z",-549.867
"Medidor 4 - ICAS","Potencia activa L3","W",-2197.6856163022844,-11506.8223,0,"2025-03-07T05:26:02.542Z",-940.6567
"Medidor 4 - ICAS","Potencia activa L3","W",-2197.6856163022844,-11506.8223,0,"2025-03-07T05:27:02.533Z",-719.0317
"Medidor 4 - ICAS","Potencia activa L3","W",-2197.6856163022844,-11506.8223,0,"2025-03-07T05:28:02.662Z",-941.1841