"Device","Measurement","Unit","Average","Minimum","Maximum","Timestamp","Value"
"Medidor 2 - L9","Potencia activa L3","W",465.3337895329208,18.3927,2787.2686,"2025-02-03T16:07:46.412Z",2310.8916
"Medidor 2 - L9","Potencia activa L3","W",465.3337895329208,18.3927,2787.2686,"2025-02-03T16:08:46.514Z",2301.3926
"Medidor 2 - L9","Potencia activa L3","W",465.3337895329208,18.3927,2787.2686,"2025-02-03T16:09:46.571Z",2303.7046
"Medidor 2 - L9","Potencia activa L3","W",465.3337895329208,18.3927,2787.2686,"2025-02-03T16:10:46.641Z",2461.772
"Medidor 2 - L9","Potencia activa L3","W",465.3337895329208,18.3927,2787.2686,"2025-02-03T16:11:46.766Z",2415.9326
"Medidor 2 - L9","Potencia activa L3","W",465.3337895329208,18.3927,2787.2686,"2025-02-03T16:12:46.787Z",2408.6055
"Medidor 2 - L9","Potencia activa L3","W",465.3337895329208,18.3927,2787.2686,"2025-02-03T16:13:46.905Z",2434.2329
"Medidor 2 - L9","Potencia activa L3","W",465.3337895329208,18.3927,2787.2686,"2025-02-03T16:14:47.069Z",2050.5459
"Medidor 2 - L9","Potencia activa L3","W",465.3337895329208,18.3927,2787.2686,"2025-02-03T16:15:47.216Z",2035.7245
"Medidor 2 - L9","Potencia activa L3","W",465.3337895329208,18.3927,2787.2686,"2025-02-03T16:16:47.267Z",2024.5479
"Medidor 2 - L9","Potencia activa L3","W",465.3337895329208,18.3927,2787.2686,"2025-02-03T16:17:47.374Z",2025.3162
"Medidor 2 - L9","Potencia activa L3","W",465.3337895329208,18.3927,2787.2686,"2025-02-03T16:18:47.429Z",1908.0944
"Medidor 2 - L9","Potencia activa L3","W",465.3337895329208,18.3927,2787.2686,"2025-02-03T16:19:47.472Z",1905.9557
"Medidor 2 - L9","Potencia activa L3","W",465.3337895329208,18.3927,2787.2686,"2025-02-03T16:20:47.582Z",1896.3274
"Medidor 2 - L9","Potencia activa L3","W",465.3337895329208,18.3927,2787.2686,"2025-02-03T16:21:47.679Z",1889.4941
"Medidor 2 - L9","Potencia activa L3","W",465.3337895329208,18.3927,2787.2686,"2025-02-03T16:22:47.790Z",1876.72
"Medidor 2 - L9","Potencia activa L3","W",465.3337895329208,18.3927,2787.2686,"2025-02-03T16:23:47.865Z",1867.6313
"Medidor 2 - L9","Potencia activa L3","W",465.3337895329208,18.3927,2787.2686,"2025-02-03T16:24:47.989Z",1882.3457
"Medidor 2 - L9","Potencia activa L3","W",465.3337895329208,18.3927,2787.2686,"2025-02-03T16:25:48.084Z",2144.6934
"Medidor 2 - L9","Potencia activa L3","W",465.3337895329208,18.3927,2787.2686,"2025-02-03T16:26:48.199Z",2143.5259
"Medidor 2 - L9","Potencia activa L3","W",465.3337895329208,18.3927,2787.2686,"2025-02-03T16:27:48.270Z",2137.0693
"Medidor 2 - L9","Potencia activa L3","W",465.3337895329208,18.3927,2787.2686,"2025-02-03T16:28:48.383Z",1945.6528
"Medidor 2 - L9","Potencia activa L3","W",465.3337895329208,18.3927,2787.2686,"2025-02-03T16:29:48.438Z",1930.7965
"Medidor 2 - L9","Potencia activa L3","W",465.3337895329208,18.3927,2787.2686,"2025-02-03T16:30:48.567Z",1925.9589
"Medidor 2 - L9","Potencia activa L3","W",465.3337895329208,18.3927,2787.2686,"2025-02-03T16:31:48.634Z",1933.7322
"Medidor 2 - L9","Potencia activa L3","W",465.3337895329208,18.3927,2787.2686,"2025-02-03T16:32:48.712Z",1895.1384
"Medidor 2 - L9","Potencia activa L3","W",465.3337895329208,18.3927,2787.2686,"2025-02-03T16:33:48.847Z",1917.323
"Medidor 2 - L9","Potencia activa L3","W",465.3337895329208,18.3927,2787.2686,"2025-02-03T16:34:48.958Z",1885.3269
"Medidor 2 - L9","Potencia activa L3","W",465.3337895329208,18.3927,2787.2686,"2025-02-03T16:35:49.032Z",1891.8635
"Medidor 2 - L9","Potencia activa L3","W",465.3337895329208,18.3927,2787.2686,"2025-02-03T16:36:49.130Z",1943.2483
"Medidor 2 - L9","Potencia activa L3","W",465.3337895329208,18.3927,2787.2686,"2025-02-03T16:37:49.228Z",1903.3372
"Medidor 2 - L9","Potencia activa L3","W",465.3337895329208,18.3927,2787.2686,"2025-02-03T16:38:49.297Z",1869.2206
"Medidor 2 - L9","Potencia activa L3","W",465.3337895329208,18.3927,2787.2686,"2025-02-03T16:39:49.358Z",1885.2969
"Medidor 2 - L9","Potencia activa L3","W",465.3337895329208,18.3927,2787.2686,"2025-02-03T16:40:49.414Z",1901.9736
"Medidor 2 - L9","Potencia activa L3","W",465.3337895329208,18.3927,2787.2686,"2025-02-03T16:41:49.528Z",1875.4095
"Medidor 2 - L9","Potencia activa L3","W",465.3337895329208,18.3927,2787.2686,"2025-02-03T16:42:49.557Z",1894.0972
"Medidor 2 - L9","Potencia activa L3","W",465.3337895329208,18.3927,2787.2686,"2025-02-03T16:43:49.721Z",1857.6985
"Medidor 2 - L9","Potencia activa L3","W",465.3337895329208,18.3927,2787.2686,"2025-02-03T16:44:49.812Z",1882.859
"Medidor 2 - L9","Potencia activa L3","W",465.3337895329208,18.3927,2787.2686,"2025-02-03T16:45:49.922Z",1888.3153
"Medidor 2 - L9","Potencia activa L3","W",465.3337895329208,18.3927,2787.2686,"2025-02-03T16:46:50.002Z",1918.4551
"Medidor 2 - L9","Potencia activa L3","W",465.3337895329208,18.3927,2787.2686,"2025-02-03T16:47:50.102Z",1900.9869
"Medidor 2 - L9","Potencia activa L3","W",465.3337895329208,18.3927,2787.2686,"2025-02-03T16:48:50.182Z",1922.444
"Medidor 2 - L9","Potencia activa L3","W",465.3337895329208,18.3927,2787.2686,"2025-02-03T16:49:50.307Z",1889.0239
"Medidor 2 - L9","Potencia activa L3","W",465.3337895329208,18.3927,2787.2686,"2025-02-03T16:50:50.363Z",1904.9624
"Medidor 2 - L9","Potencia activa L3","W",465.3337895329208,18.3927,2787.2686,"2025-02-03T16:51:50.481Z",1917.2461
"Medidor 2 - L9","Potencia activa L3","W",465.3337895329208,18.3927,2787.2686,"2025-02-03T16:52:50.586Z",1908.8889
"Medidor 2 - L9","Potencia activa L3","W",465.3337895329208,18.3927,2787.2686,"2025-02-03T16:53:50.655Z",1961.4984
"Medidor 2 - L9","Potencia activa L3","W",465.3337895329208,18.3927,2787.2686,"2025-02-03T16:54:50.661Z",1956.5001
"Medidor 2 - L9","Potencia activa L3","W",465.3337895329208,18.3927,2787.2686,"2025-02-03T16:55:50.806Z",2172.1682
"Medidor 2 - L9","Potencia activa L3","W",465.3337895329208,18.3927,2787.2686,"2025-02-03T16:56:50.839Z",2186.8792
"Medidor 2 - L9","Potencia activa L3","W",465.3337895329208,18.3927,2787.2686,"2025-02-03T16:57:50.898Z",2166.6787
"Medidor 2 - L9","Potencia activa L3","W",465.3337895329208,18.3927,2787.2686,"2025-02-03T16:58:51.043Z",1925.8698
"Medidor 2 - L9","Potencia activa L3","W",465.3337895329208,18.3927,2787.2686,"2025-02-03T16:59:51.077Z",2267.4539
"Medidor 2 - L9","Potencia activa L3","W",465.3337895329208,18.3927,2787.2686,"2025-02-03T17:00:51.212Z",2260.2974
"Medidor 2 - L9","Potencia activa L3","W",465.3337895329208,18.3927,2787.2686,"2025-02-03T17:01:51.338Z",2230.5464
"Medidor 2 - L9","Potencia activa L3","W",465.3337895329208,18.3927,2787.2686,"2025-02-03T17:02:51.412Z",2247.4065
"Medidor 2 - L9","Potencia activa L3","W",465.3337895329208,18.3927,2787.2686,"2025-02-03T17:03:51.428Z",2264.6372
"Medidor 2 - L9","Potencia activa L3","W",465.3337895329208,18.3927,2787.2686,"2025-02-03T17:04:51.505Z",2268.1365
"Medidor 2 - L9","Potencia activa L3","W",465.3337895329208,18.3927,2787.2686,"2025-02-03T17:05:51.622Z",2330.1406
"Medidor 2 - L9","Potencia activa L3","W",465.3337895329208,18.3927,2787.2686,"2025-02-03T17:06:51.648Z",2331.4133
"Medidor 2 - L9","Potencia activa L3","W",465.3337895329208,18.3927,2787.2686,"2025-02-03T17:07:51.837Z",2361.884
"Medidor 2 - L9","Potencia activa L3","W",465.3337895329208,18.3927,2787.2686,"2025-02-03T17:08:51.920Z",2372.1887
"Medidor 2 - L9","Potencia activa L3","W",465.3337895329208,18.3927,2787.2686,"2025-02-03T17:09:51.965Z",2398.7244
"Medidor 2 - L9","Potencia activa L3","W",465.3337895329208,18.3927,2787.2686,"2025-02-03T17:10:52.075Z",2408.6255
"Medidor 2 - L9","Potencia activa L3","W",465.3337895329208,18.3927,2787.2686,"2025-02-03T17:11:52.075Z",2425.4956
"Medidor 2 - L9","Potencia activa L3","W",465.3337895329208,18.3927,2787.2686,"2025-02-03T17:12:52.241Z",2416.9976
"Medidor 2 - L9","Potencia activa L3","W",465.3337895329208,18.3927,2787.2686,"2025-02-03T17:13:52.306Z",2400.5417
"Medidor 2 - L9","Potencia activa L3","W",465.3337895329208,18.3927,2787.2686,"2025-02-03T17:14:52.427Z",2379.595
"Medidor 2 - L9","Potencia activa L3","W",465.3337895329208,18.3927,2787.2686,"2025-02-03T17:15:52.516Z",2372.7297
"Medidor 2 - L9","Potencia activa L3","W",465.3337895329208,18.3927,2787.2686,"2025-02-03T17:16:52.546Z",2374.5344
"Medidor 2 - L9","Potencia activa L3","W",465.3337895329208,18.3927,2787.2686,"2025-02-03T17:17:52.639Z",2386.3706
"Medidor 2 - L9","Potencia activa L3","W",465.3337895329208,18.3927,2787.2686,"2025-02-03T17:18:52.769Z",1975.8767
"Medidor 2 - L9","Potencia activa L3","W",465.3337895329208,18.3927,2787.2686,"2025-02-03T17:19:52.837Z",1968.9927
"Medidor 2 - L9","Potencia activa L3","W",465.3337895329208,18.3927,2787.2686,"2025-02-03T17:20:52.948Z",1969.415
"Medidor 2 - L9","Potencia activa L3","W",465.3337895329208,18.3927,2787.2686,"2025-02-03T17:21:53.005Z",2391.1455
"Medidor 2 - L9","Potencia activa L3","W",465.3337895329208,18.3927,2787.2686,"2025-02-03T17:22:53.070Z",2367.0249
"Medidor 2 - L9","Potencia activa L3","W",465.3337895329208,18.3927,2787.2686,"2025-02-03T17:23:53.157Z",2363.5723
"Medidor 2 - L9","Potencia activa L3","W",465.3337895329208,18.3927,2787.2686,"2025-02-03T17:24:53.253Z",2787.2686
"Medidor 2 - L9","Potencia activa L3","W",465.3337895329208,18.3927,2787.2686,"2025-02-03T17:25:53.333Z",2388.5044
"Medidor 2 - L9","Potencia activa L3","W",465.3337895329208,18.3927,2787.2686,"2025-02-03T17:26:53.434Z",2356.1748
"Medidor 2 - L9","Potencia activa L3","W",465.3337895329208,18.3927,2787.2686,"2025-02-03T17:27:53.525Z",2396.8093
"Medidor 2 - L9","Potencia activa L3","W",465.3337895329208,18.3927,2787.2686,"2025-02-03T17:28:53.690Z",2368.2932
"Medidor 2 - L9","Potencia activa L3","W",465.3337895329208,18.3927,2787.2686,"2025-02-03T17:29:53.728Z",2361.9341
"Medidor 2 - L9","Potencia activa L3","W",465.3337895329208,18.3927,2787.2686,"2025-02-03T17:30:53.816Z",1983.1927
"Medidor 2 - L9","Potencia activa L3","W",465.3337895329208,18.3927,2787.2686,"2025-02-03T17:31:53.839Z",1965.9246
"Medidor 2 - L9","Potencia activa L3","W",465.3337895329208,18.3927,2787.2686,"2025-02-03T17:32:53.918Z",2189.8635
"Medidor 2 - L9","Potencia activa L3","W",465.3337895329208,18.3927,2787.2686,"2025-02-03T17:33:54.010Z",2556.2837
"Medidor 2 - L9","Potencia activa L3","W",465.3337895329208,18.3927,2787.2686,"2025-02-03T17:34:54.042Z",2560.3635
"Medidor 2 - L9","Potencia activa L3","W",465.3337895329208,18.3927,2787.2686,"2025-02-03T17:35:54.149Z",2343.9138
"Medidor 2 - L9","Potencia activa L3","W",465.3337895329208,18.3927,2787.2686,"2025-02-03T17:36:54.280Z",2330.8926
"Medidor 2 - L9","Potencia activa L3","W",465.3337895329208,18.3927,2787.2686,"2025-02-03T17:37:54.382Z",1936.9281
"Medidor 2 - L9","Potencia activa L3","W",465.3337895329208,18.3927,2787.2686,"2025-02-03T17:38:54.474Z",1991.0875
"Medidor 2 - L9","Potencia activa L3","W",465.3337895329208,18.3927,2787.2686,"2025-02-03T17:39:54.566Z",1953.2228
"Medidor 2 - L9","Potencia activa L3","W",465.3337895329208,18.3927,2787.2686,"2025-02-03T17:40:54.736Z",2386.8286
"Medidor 2 - L9","Potencia activa L3","W",465.3337895329208,18.3927,2787.2686,"2025-02-03T17:41:54.705Z",2355.3293
"Medidor 2 - L9","Potencia activa L3","W",465.3337895329208,18.3927,2787.2686,"2025-02-03T17:42:54.806Z",2327.8662
"Medidor 2 - L9","Potencia activa L3","W",465.3337895329208,18.3927,2787.2686,"2025-02-03T17:43:54.906Z",2317.6462
"Medidor 2 - L9","Potencia activa L3","W",465.3337895329208,18.3927,2787.2686,"2025-02-03T17:44:55.032Z",2358.8545
"Medidor 2 - L9","Potencia activa L3","W",465.3337895329208,18.3927,2787.2686,"2025-02-03T17:45:55.100Z",2341.7014
"Medidor 2 - L9","Potencia activa L3","W",465.3337895329208,18.3927,2787.2686,"2025-02-03T17:46:55.167Z",1966.3245
"Medidor 2 - L9","Potencia activa L3","W",465.3337895329208,18.3927,2787.2686,"2025-02-03T17:47:55.231Z",1971.2493
"Medidor 2 - L9","Potencia activa L3","W",465.3337895329208,18.3927,2787.2686,"2025-02-03T17:48:55.327Z",1994.8573
"Medidor 2 - L9","Potencia activa L3","W",465.3337895329208,18.3927,2787.2686,"2025-02-03T17:49:55.407Z",2343.0496
"Medidor 2 - L9","Potencia activa L3","W",465.3337895329208,18.3927,2787.2686,"2025-02-03T17:50:55.488Z",2325.0398
"Medidor 2 - L9","Potencia activa L3","W",465.3337895329208,18.3927,2787.2686,"2025-02-03T17:51:55.622Z",2310.115
"Medidor 2 - L9","Potencia activa L3","W",465.3337895329208,18.3927,2787.2686,"2025-02-03T17:52:55.642Z",2332.3481
"Medidor 2 - L9","Potencia activa L3","W",465.3337895329208,18.3927,2787.2686,"2025-02-03T17:53:55.768Z",1905.5055
"Medidor 2 - L9","Potencia activa L3","W",465.3337895329208,18.3927,2787.2686,"2025-02-03T17:54:55.918Z",1894.6257
"Medidor 2 - L9","Potencia activa L3","W",465.3337895329208,18.3927,2787.2686,"2025-02-03T17:55:56.010Z",1911.4917
"Medidor 2 - L9","Potencia activa L3","W",465.3337895329208,18.3927,2787.2686,"2025-02-03T17:56:56.031Z",2336.6934
"Medidor 2 - L9","Potencia activa L3","W",465.3337895329208,18.3927,2787.2686,"2025-02-03T17:57:56.165Z",2324.7815
"Medidor 2 - L9","Potencia activa L3","W",465.3337895329208,18.3927,2787.2686,"2025-02-03T17:58:56.307Z",1949.3403
"Medidor 2 - L9","Potencia activa L3","W",465.3337895329208,18.3927,2787.2686,"2025-02-03T17:59:56.327Z",1923.4958
"Medidor 2 - L9","Potencia activa L3","W",465.3337895329208,18.3927,2787.2686,"2025-02-03T18:00:56.375Z",1928.699
"Medidor 2 - L9","Potencia activa L3","W",465.3337895329208,18.3927,2787.2686,"2025-02-03T18:01:56.422Z",1869.593
"Medidor 2 - L9","Potencia activa L3","W",465.3337895329208,18.3927,2787.2686,"2025-02-03T18:02:56.479Z",1845.0701
"Medidor 2 - L9","Potencia activa L3","W",465.3337895329208,18.3927,2787.2686,"2025-02-03T18:03:56.564Z",1835.1379
"Medidor 2 - L9","Potencia activa L3","W",465.3337895329208,18.3927,2787.2686,"2025-02-03T18:04:56.591Z",1558.4601
"Medidor 2 - L9","Potencia activa L3","W",465.3337895329208,18.3927,2787.2686,"2025-02-03T18:05:56.648Z",1544.5582
"Medidor 2 - L9","Potencia activa L3","W",465.3337895329208,18.3927,2787.2686,"2025-02-03T18:06:56.740Z",1440.0532
"Medidor 2 - L9","Potencia activa L3","W",465.3337895329208,18.3927,2787.2686,"2025-02-03T18:07:56.858Z",1414.853
"Medidor 2 - L9","Potencia activa L3","W",465.3337895329208,18.3927,2787.2686,"2025-02-03T18:08:56.965Z",1378.9089
"Medidor 2 - L9","Potencia activa L3","W",465.3337895329208,18.3927,2787.2686,"2025-02-03T18:09:57.044Z",1228.1072
"Medidor 2 - L9","Potencia activa L3","W",465.3337895329208,18.3927,2787.2686,"2025-02-03T18:10:57.190Z",1226.7375
"Medidor 2 - L9","Potencia activa L3","W",465.3337895329208,18.3927,2787.2686,"2025-02-03T18:11:57.238Z",1218.7935
"Medidor 2 - L9","Potencia activa L3","W",465.3337895329208,18.3927,2787.2686,"2025-02-03T18:12:57.294Z",1015.3394
"Medidor 2 - L9","Potencia activa L3","W",465.3337895329208,18.3927,2787.2686,"2025-02-03T18:13:57.396Z",1035.5272
"Medidor 2 - L9","Potencia activa L3","W",465.3337895329208,18.3927,2787.2686,"2025-02-03T18:14:57.471Z",1030.459
"Medidor 2 - L9","Potencia activa L3","W",465.3337895329208,18.3927,2787.2686,"2025-02-03T18:15:57.586Z",1009.2892
"Medidor 2 - L9","Potencia activa L3","W",465.3337895329208,18.3927,2787.2686,"2025-02-03T18:16:57.664Z",748.5437
"Medidor 2 - L9","Potencia activa L3","W",465.3337895329208,18.3927,2787.2686,"2025-02-03T18:17:57.782Z",761.1185
"Medidor 2 - L9","Potencia activa L3","W",465.3337895329208,18.3927,2787.2686,"2025-02-03T18:18:57.900Z",784.5984
"Medidor 2 - L9","Potencia activa L3","W",465.3337895329208,18.3927,2787.2686,"2025-02-03T18:19:57.990Z",774.3848
"Medidor 2 - L9","Potencia activa L3","W",465.3337895329208,18.3927,2787.2686,"2025-02-03T18:20:58.065Z",769.201
"Medidor 2 - L9","Potencia activa L3","W",465.3337895329208,18.3927,2787.2686,"2025-02-03T18:21:58.160Z",780.3262
"Medidor 2 - L9","Potencia activa L3","W",465.3337895329208,18.3927,2787.2686,"2025-02-03T18:22:58.280Z",759.5629
"Medidor 2 - L9","Potencia activa L3","W",465.3337895329208,18.3927,2787.2686,"2025-02-03T18:23:58.358Z",759.0085
"Medidor 2 - L9","Potencia activa L3","W",465.3337895329208,18.3927,2787.2686,"2025-02-03T18:24:58.471Z",756.998
"Medidor 2 - L9","Potencia activa L3","W",465.3337895329208,18.3927,2787.2686,"2025-02-03T18:25:58.522Z",755.0625
"Medidor 2 - L9","Potencia activa L3","W",465.3337895329208,18.3927,2787.2686,"2025-02-03T18:26:58.557Z",753.7451
"Medidor 2 - L9","Potencia activa L3","W",465.3337895329208,18.3927,2787.2686,"2025-02-03T18:27:58.677Z",751.1089
"Medidor 2 - L9","Potencia activa L3","W",465.3337895329208,18.3927,2787.2686,"2025-02-03T18:28:58.739Z",756.4935
"Medidor 2 - L9","Potencia activa L3","W",465.3337895329208,18.3927,2787.2686,"2025-02-03T18:29:58.813Z",742.3516
"Medidor 2 - L9","Potencia activa L3","W",465.3337895329208,18.3927,2787.2686,"2025-02-03T18:30:58.922Z",763.308
"Medidor 2 - L9","Potencia activa L3","W",465.3337895329208,18.3927,2787.2686,"2025-02-03T18:31:59.006Z",767.0358
"Medidor 2 - L9","Potencia activa L3","W",465.3337895329208,18.3927,2787.2686,"2025-02-03T18:32:59.106Z",741.8497
"Medidor 2 - L9","Potencia activa L3","W",465.3337895329208,18.3927,2787.2686,"2025-02-03T18:33:59.149Z",756.8114
"Medidor 2 - L9","Potencia activa L3","W",465.3337895329208,18.3927,2787.2686,"2025-02-03T18:34:59.260Z",742.4888
"Medidor 2 - L9","Potencia activa L3","W",465.3337895329208,18.3927,2787.2686,"2025-02-03T18:35:59.361Z",745.2652
"Medidor 2 - L9","Potencia activa L3","W",465.3337895329208,18.3927,2787.2686,"2025-02-03T18:36:59.433Z",755.8198
"Medidor 2 - L9","Potencia activa L3","W",465.3337895329208,18.3927,2787.2686,"2025-02-03T18:37:59.507Z",785.1483
"Medidor 2 - L9","Potencia activa L3","W",465.3337895329208,18.3927,2787.2686,"2025-02-03T18:38:59.547Z",745.9025
"Medidor 2 - L9","Potencia activa L3","W",465.3337895329208,18.3927,2787.2686,"2025-02-03T18:39:59.549Z",753.2236
"Medidor 2 - L9","Potencia activa L3","W",465.3337895329208,18.3927,2787.2686,"2025-02-03T18:40:59.702Z",757.8413
"Medidor 2 - L9","Potencia activa L3","W",465.3337895329208,18.3927,2787.2686,"2025-02-03T18:41:59.780Z",755.4054
"Medidor 2 - L9","Potencia activa L3","W",465.3337895329208,18.3927,2787.2686,"2025-02-03T18:42:59.834Z",743.3166
"Medidor 2 - L9","Potencia activa L3","W",465.3337895329208,18.3927,2787.2686,"2025-02-03T18:43:59.934Z",734.1377
"Medidor 2 - L9","Potencia activa L3","W",465.3337895329208,18.3927,2787.2686,"2025-02-03T18:45:00.052Z",730.4635
"Medidor 2 - L9","Potencia activa L3","W",465.3337895329208,18.3927,2787.2686,"2025-02-03T18:46:00.162Z",724.6569
"Medidor 2 - L9","Potencia activa L3","W",465.3337895329208,18.3927,2787.2686,"2025-02-03T18:47:00.224Z",930.8625
"Medidor 2 - L9","Potencia activa L3","W",465.3337895329208,18.3927,2787.2686,"2025-02-03T18:48:00.284Z",921.4198
"Medidor 2 - L9","Potencia activa L3","W",465.3337895329208,18.3927,2787.2686,"2025-02-03T18:49:00.399Z",734.8731
"Medidor 2 - L9","Potencia activa L3","W",465.3337895329208,18.3927,2787.2686,"2025-02-03T18:50:00.463Z",740.9037
"Medidor 2 - L9","Potencia activa L3","W",465.3337895329208,18.3927,2787.2686,"2025-02-03T18:51:00.550Z",738.0023
"Medidor 2 - L9","Potencia activa L3","W",465.3337895329208,18.3927,2787.2686,"2025-02-03T18:52:00.632Z",718.2211
"Medidor 2 - L9","Potencia activa L3","W",465.3337895329208,18.3927,2787.2686,"2025-02-03T18:53:00.742Z",712.3403
"Medidor 2 - L9","Potencia activa L3","W",465.3337895329208,18.3927,2787.2686,"2025-02-03T18:54:00.812Z",709.357
"Medidor 2 - L9","Potencia activa L3","W",465.3337895329208,18.3927,2787.2686,"2025-02-03T18:55:00.892Z",732.9407
"Medidor 2 - L9","Potencia activa L3","W",465.3337895329208,18.3927,2787.2686,"2025-02-03T18:56:00.936Z",710.0876
"Medidor 2 - L9","Potencia activa L3","W",465.3337895329208,18.3927,2787.2686,"2025-02-03T18:57:01.082Z",736.1547
"Medidor 2 - L9","Potencia activa L3","W",465.3337895329208,18.3927,2787.2686,"2025-02-03T18:58:01.134Z",713.9144
"Medidor 2 - L9","Potencia activa L3","W",465.3337895329208,18.3927,2787.2686,"2025-02-03T18:59:01.222Z",707.4574
"Medidor 2 - L9","Potencia activa L3","W",465.3337895329208,18.3927,2787.2686,"2025-02-03T19:00:01.283Z",716.9581
"Medidor 2 - L9","Potencia activa L3","W",465.3337895329208,18.3927,2787.2686,"2025-02-03T19:01:01.392Z",707.0176
"Medidor 2 - L9","Potencia activa L3","W",465.3337895329208,18.3927,2787.2686,"2025-02-03T19:02:01.490Z",704.5416
"Medidor 2 - L9","Potencia activa L3","W",465.3337895329208,18.3927,2787.2686,"2025-02-03T19:03:01.492Z",701.7889
"Medidor 2 - L9","Potencia activa L3","W",465.3337895329208,18.3927,2787.2686,"2025-02-03T19:04:01.620Z",705.8082
"Medidor 2 - L9","Potencia activa L3","W",465.3337895329208,18.3927,2787.2686,"2025-02-03T19:05:01.762Z",715.6002
"Medidor 2 - L9","Potencia activa L3","W",465.3337895329208,18.3927,2787.2686,"2025-02-03T19:06:01.911Z",716.3518
"Medidor 2 - L9","Potencia activa L3","W",465.3337895329208,18.3927,2787.2686,"2025-02-03T19:07:02.028Z",705.7203
"Medidor 2 - L9","Potencia activa L3","W",465.3337895329208,18.3927,2787.2686,"2025-02-03T19:08:02.000Z",683.2532
"Medidor 2 - L9","Potencia activa L3","W",465.3337895329208,18.3927,2787.2686,"2025-02-03T19:09:02.209Z",692.6746
"Medidor 2 - L9","Potencia activa L3","W",465.3337895329208,18.3927,2787.2686,"2025-02-03T19:10:02.202Z",701.7343
"Medidor 2 - L9","Potencia activa L3","W",465.3337895329208,18.3927,2787.2686,"2025-02-03T19:11:02.318Z",690.0161
"Medidor 2 - L9","Potencia activa L3","W",465.3337895329208,18.3927,2787.2686,"2025-02-03T19:12:02.423Z",694.7592
"Medidor 2 - L9","Potencia activa L3","W",465.3337895329208,18.3927,2787.2686,"2025-02-03T19:13:02.535Z",697.1331
"Medidor 2 - L9","Potencia activa L3","W",465.3337895329208,18.3927,2787.2686,"2025-02-03T19:14:02.660Z",690.3875
"Medidor 2 - L9","Potencia activa L3","W",465.3337895329208,18.3927,2787.2686,"2025-02-03T19:15:02.704Z",700.2888
"Medidor 2 - L9","Potencia activa L3","W",465.3337895329208,18.3927,2787.2686,"2025-02-03T19:16:02.767Z",702.1099
"Medidor 2 - L9","Potencia activa L3","W",465.3337895329208,18.3927,2787.2686,"2025-02-03T19:17:02.829Z",702.4604
"Medidor 2 - L9","Potencia activa L3","W",465.3337895329208,18.3927,2787.2686,"2025-02-03T19:18:02.876Z",693.5068
"Medidor 2 - L9","Potencia activa L3","W",465.3337895329208,18.3927,2787.2686,"2025-02-03T19:19:02.997Z",697.4282
"Medidor 2 - L9","Potencia activa L3","W",465.3337895329208,18.3927,2787.2686,"2025-02-03T19:20:03.013Z",702.3953
"Medidor 2 - L9","Potencia activa L3","W",465.3337895329208,18.3927,2787.2686,"2025-02-03T19:21:03.089Z",695.9943
"Medidor 2 - L9","Potencia activa L3","W",465.3337895329208,18.3927,2787.2686,"2025-02-03T19:22:03.206Z",929.8752
"Medidor 2 - L9","Potencia activa L3","W",465.3337895329208,18.3927,2787.2686,"2025-02-03T19:23:03.259Z",933.6425
"Medidor 2 - L9","Potencia activa L3","W",465.3337895329208,18.3927,2787.2686,"2025-02-03T19:24:03.365Z",931.7726
"Medidor 2 - L9","Potencia activa L3","W",465.3337895329208,18.3927,2787.2686,"2025-02-03T19:25:03.454Z",716.5537
"Medidor 2 - L9","Potencia activa L3","W",465.3337895329208,18.3927,2787.2686,"2025-02-03T19:26:03.584Z",731.8967
"Medidor 2 - L9","Potencia activa L3","W",465.3337895329208,18.3927,2787.2686,"2025-02-03T19:27:03.638Z",725.067
"Medidor 2 - L9","Potencia activa L3","W",465.3337895329208,18.3927,2787.2686,"2025-02-03T19:28:03.750Z",928.9451
"Medidor 2 - L9","Potencia activa L3","W",465.3337895329208,18.3927,2787.2686,"2025-02-03T19:29:03.806Z",933.5598
"Medidor 2 - L9","Potencia activa L3","W",465.3337895329208,18.3927,2787.2686,"2025-02-03T19:30:03.878Z",954.807
"Medidor 2 - L9","Potencia activa L3","W",465.3337895329208,18.3927,2787.2686,"2025-02-03T19:31:03.925Z",945.3197
"Medidor 2 - L9","Potencia activa L3","W",465.3337895329208,18.3927,2787.2686,"2025-02-03T19:32:04.030Z",912.2387
"Medidor 2 - L9","Potencia activa L3","W",465.3337895329208,18.3927,2787.2686,"2025-02-03T19:33:04.062Z",946.962
"Medidor 2 - L9","Potencia activa L3","W",465.3337895329208,18.3927,2787.2686,"2025-02-03T19:34:04.125Z",924.3564
"Medidor 2 - L9","Potencia activa L3","W",465.3337895329208,18.3927,2787.2686,"2025-02-03T19:35:04.169Z",986.6804
"Medidor 2 - L9","Potencia activa L3","W",465.3337895329208,18.3927,2787.2686,"2025-02-03T19:36:04.240Z",997.8149
"Medidor 2 - L9","Potencia activa L3","W",465.3337895329208,18.3927,2787.2686,"2025-02-03T19:37:04.336Z",1002.9105
"Medidor 2 - L9","Potencia activa L3","W",465.3337895329208,18.3927,2787.2686,"2025-02-03T19:38:04.467Z",997.838
"Medidor 2 - L9","Potencia activa L3","W",465.3337895329208,18.3927,2787.2686,"2025-02-03T19:39:04.487Z",995.6943
"Medidor 2 - L9","Potencia activa L3","W",465.3337895329208,18.3927,2787.2686,"2025-02-03T19:40:04.560Z",997.6704
"Medidor 2 - L9","Potencia activa L3","W",465.3337895329208,18.3927,2787.2686,"2025-02-03T19:41:04.684Z",1008.4132
"Medidor 2 - L9","Potencia activa L3","W",465.3337895329208,18.3927,2787.2686,"2025-02-03T19:42:04.822Z",996.9399
"Medidor 2 - L9","Potencia activa L3","W",465.3337895329208,18.3927,2787.2686,"2025-02-03T19:43:04.842Z",996.2083
"Medidor 2 - L9","Potencia activa L3","W",465.3337895329208,18.3927,2787.2686,"2025-02-03T19:44:04.963Z",993.4197
"Medidor 2 - L9","Potencia activa L3","W",465.3337895329208,18.3927,2787.2686,"2025-02-03T19:45:04.999Z",999.1599
"Medidor 2 - L9","Potencia activa L3","W",465.3337895329208,18.3927,2787.2686,"2025-02-03T19:46:05.031Z",1003.8503
"Medidor 2 - L9","Potencia activa L3","W",465.3337895329208,18.3927,2787.2686,"2025-02-03T19:47:05.183Z",1034.5543
"Medidor 2 - L9","Potencia activa L3","W",465.3337895329208,18.3927,2787.2686,"2025-02-03T19:48:05.208Z",979.9467
"Medidor 2 - L9","Potencia activa L3","W",465.3337895329208,18.3927,2787.2686,"2025-02-03T19:49:05.304Z",979.831
"Medidor 2 - L9","Potencia activa L3","W",465.3337895329208,18.3927,2787.2686,"2025-02-03T19:50:05.348Z",967.1112
"Medidor 2 - L9","Potencia activa L3","W",465.3337895329208,18.3927,2787.2686,"2025-02-03T19:51:05.455Z",968.463
"Medidor 2 - L9","Potencia activa L3","W",465.3337895329208,18.3927,2787.2686,"2025-02-03T19:52:05.513Z",981.6238
"Medidor 2 - L9","Potencia activa L3","W",465.3337895329208,18.3927,2787.2686,"2025-02-03T19:53:05.642Z",988.4042
"Medidor 2 - L9","Potencia activa L3","W",465.3337895329208,18.3927,2787.2686,"2025-02-03T19:54:05.618Z",1040.7841
"Medidor 2 - L9","Potencia activa L3","W",465.3337895329208,18.3927,2787.2686,"2025-02-03T19:55:05.835Z",1024.4945
"Medidor 2 - L9","Potencia activa L3","W",465.3337895329208,18.3927,2787.2686,"2025-02-03T19:56:05.914Z",1237.2172
"Medidor 2 - L9","Potencia activa L3","W",465.3337895329208,18.3927,2787.2686,"2025-02-03T19:57:05.975Z",1256.0684
"Medidor 2 - L9","Potencia activa L3","W",465.3337895329208,18.3927,2787.2686,"2025-02-03T19:58:06.053Z",1026.2406
"Medidor 2 - L9","Potencia activa L3","W",465.3337895329208,18.3927,2787.2686,"2025-02-03T19:59:06.077Z",1005.3161
"Medidor 2 - L9","Potencia activa L3","W",465.3337895329208,18.3927,2787.2686,"2025-02-03T20:00:06.146Z",1009.7311
"Medidor 2 - L9","Potencia activa L3","W",465.3337895329208,18.3927,2787.2686,"2025-02-03T20:01:06.263Z",1021.3682
"Medidor 2 - L9","Potencia activa L3","W",465.3337895329208,18.3927,2787.2686,"2025-02-03T20:02:06.352Z",1012.4636
"Medidor 2 - L9","Potencia activa L3","W",465.3337895329208,18.3927,2787.2686,"2025-02-03T20:03:06.414Z",1024.5913
"Medidor 2 - L9","Potencia activa L3","W",465.3337895329208,18.3927,2787.2686,"2025-02-03T20:04:06.530Z",1034.5531
"Medidor 2 - L9","Potencia activa L3","W",465.3337895329208,18.3927,2787.2686,"2025-02-03T20:05:06.547Z",1029.0663
"Medidor 2 - L9","Potencia activa L3","W",465.3337895329208,18.3927,2787.2686,"2025-02-03T20:06:06.672Z",1036.4891
"Medidor 2 - L9","Potencia activa L3","W",465.3337895329208,18.3927,2787.2686,"2025-02-03T20:07:06.734Z",1027.8044
"Medidor 2 - L9","Potencia activa L3","W",465.3337895329208,18.3927,2787.2686,"2025-02-03T20:08:06.803Z",1020.0325
"Medidor 2 - L9","Potencia activa L3","W",465.3337895329208,18.3927,2787.2686,"2025-02-03T20:09:06.928Z",1013.6713
"Medidor 2 - L9","Potencia activa L3","W",465.3337895329208,18.3927,2787.2686,"2025-02-03T20:10:07.045Z",1019.3604
"Medidor 2 - L9","Potencia activa L3","W",465.3337895329208,18.3927,2787.2686,"2025-02-03T20:11:07.156Z",1028.4697
"Medidor 2 - L9","Potencia activa L3","W",465.3337895329208,18.3927,2787.2686,"2025-02-03T20:12:07.297Z",1027.1926
"Medidor 2 - L9","Potencia activa L3","W",465.3337895329208,18.3927,2787.2686,"2025-02-03T20:13:07.333Z",1010.744
"Medidor 2 - L9","Potencia activa L3","W",465.3337895329208,18.3927,2787.2686,"2025-02-03T20:14:07.383Z",1029.9446
"Medidor 2 - L9","Potencia activa L3","W",465.3337895329208,18.3927,2787.2686,"2025-02-03T20:15:07.474Z",1012.4793
"Medidor 2 - L9","Potencia activa L3","W",465.3337895329208,18.3927,2787.2686,"2025-02-03T20:16:07.585Z",1040.2861
"Medidor 2 - L9","Potencia activa L3","W",465.3337895329208,18.3927,2787.2686,"2025-02-03T20:17:07.681Z",1031.2358
"Medidor 2 - L9","Potencia activa L3","W",465.3337895329208,18.3927,2787.2686,"2025-02-03T20:18:07.822Z",1014.251
"Medidor 2 - L9","Potencia activa L3","W",465.3337895329208,18.3927,2787.2686,"2025-02-03T20:19:07.891Z",1015.5163
"Medidor 2 - L9","Potencia activa L3","W",465.3337895329208,18.3927,2787.2686,"2025-02-03T20:20:07.967Z",1043.8917
"Medidor 2 - L9","Potencia activa L3","W",465.3337895329208,18.3927,2787.2686,"2025-02-03T20:21:08.118Z",1014.0284
"Medidor 2 - L9","Potencia activa L3","W",465.3337895329208,18.3927,2787.2686,"2025-02-03T20:22:08.182Z",1029.3083
"Medidor 2 - L9","Potencia activa L3","W",465.3337895329208,18.3927,2787.2686,"2025-02-03T20:23:08.269Z",1466.8983
"Medidor 2 - L9","Potencia activa L3","W",465.3337895329208,18.3927,2787.2686,"2025-02-03T20:24:08.339Z",1052.4315
"Medidor 2 - L9","Potencia activa L3","W",465.3337895329208,18.3927,2787.2686,"2025-02-03T20:25:08.450Z",1069.0623
"Medidor 2 - L9","Potencia activa L3","W",465.3337895329208,18.3927,2787.2686,"2025-02-03T20:26:08.525Z",1052.9244
"Medidor 2 - L9","Potencia activa L3","W",465.3337895329208,18.3927,2787.2686,"2025-02-03T20:27:08.617Z",1284.2833
"Medidor 2 - L9","Potencia activa L3","W",465.3337895329208,18.3927,2787.2686,"2025-02-03T20:28:08.681Z",1292.9457
"Medidor 2 - L9","Potencia activa L3","W",465.3337895329208,18.3927,2787.2686,"2025-02-03T20:29:08.723Z",1286.3237
"Medidor 2 - L9","Potencia activa L3","W",465.3337895329208,18.3927,2787.2686,"2025-02-03T20:30:08.865Z",1054.4895
"Medidor 2 - L9","Potencia activa L3","W",465.3337895329208,18.3927,2787.2686,"2025-02-03T20:31:08.922Z",1059.0206
"Medidor 2 - L9","Potencia activa L3","W",465.3337895329208,18.3927,2787.2686,"2025-02-03T20:32:09.003Z",1058.6554
"Medidor 2 - L9","Potencia activa L3","W",465.3337895329208,18.3927,2787.2686,"2025-02-03T20:33:09.053Z",1063.048
"Medidor 2 - L9","Potencia activa L3","W",465.3337895329208,18.3927,2787.2686,"2025-02-03T20:34:09.156Z",1050.6968
"Medidor 2 - L9","Potencia activa L3","W",465.3337895329208,18.3927,2787.2686,"2025-02-03T20:35:09.290Z",1068.9185
"Medidor 2 - L9","Potencia activa L3","W",465.3337895329208,18.3927,2787.2686,"2025-02-03T20:36:09.305Z",1056.9175
"Medidor 2 - L9","Potencia activa L3","W",465.3337895329208,18.3927,2787.2686,"2025-02-03T20:37:09.448Z",1054.9666
"Medidor 2 - L9","Potencia activa L3","W",465.3337895329208,18.3927,2787.2686,"2025-02-03T20:38:09.493Z",1091.2072
"Medidor 2 - L9","Potencia activa L3","W",465.3337895329208,18.3927,2787.2686,"2025-02-03T20:39:09.569Z",1081.7115
"Medidor 2 - L9","Potencia activa L3","W",465.3337895329208,18.3927,2787.2686,"2025-02-03T20:40:09.620Z",1134.0315
"Medidor 2 - L9","Potencia activa L3","W",465.3337895329208,18.3927,2787.2686,"2025-02-03T20:41:09.771Z",1090.9744
"Medidor 2 - L9","Potencia activa L3","W",465.3337895329208,18.3927,2787.2686,"2025-02-03T20:42:09.825Z",1076.9785
"Medidor 2 - L9","Potencia activa L3","W",465.3337895329208,18.3927,2787.2686,"2025-02-03T20:43:09.928Z",1095.4469
"Medidor 2 - L9","Potencia activa L3","W",465.3337895329208,18.3927,2787.2686,"2025-02-03T20:44:10.021Z",1089.3135
"Medidor 2 - L9","Potencia activa L3","W",465.3337895329208,18.3927,2787.2686,"2025-02-03T20:45:10.144Z",1092.2303
"Medidor 2 - L9","Potencia activa L3","W",465.3337895329208,18.3927,2787.2686,"2025-02-03T20:46:10.241Z",1090.3612
"Medidor 2 - L9","Potencia activa L3","W",465.3337895329208,18.3927,2787.2686,"2025-02-03T20:47:10.326Z",1094.584
"Medidor 2 - L9","Potencia activa L3","W",465.3337895329208,18.3927,2787.2686,"2025-02-03T20:48:10.373Z",1082.35
"Medidor 2 - L9","Potencia activa L3","W",465.3337895329208,18.3927,2787.2686,"2025-02-03T20:49:10.452Z",1154.5813
"Medidor 2 - L9","Potencia activa L3","W",465.3337895329208,18.3927,2787.2686,"2025-02-03T20:50:10.586Z",1131.2383
"Medidor 2 - L9","Potencia activa L3","W",465.3337895329208,18.3927,2787.2686,"2025-02-03T20:51:10.710Z",1098.7019
"Medidor 2 - L9","Potencia activa L3","W",465.3337895329208,18.3927,2787.2686,"2025-02-03T20:52:10.737Z",1124.0834
"Medidor 2 - L9","Potencia activa L3","W",465.3337895329208,18.3927,2787.2686,"2025-02-03T20:53:10.894Z",1143.3092
"Medidor 2 - L9","Potencia activa L3","W",465.3337895329208,18.3927,2787.2686,"2025-02-03T20:54:10.981Z",1162.9664
"Medidor 2 - L9","Potencia activa L3","W",465.3337895329208,18.3927,2787.2686,"2025-02-03T20:55:11.059Z",1169.9867
"Medidor 2 - L9","Potencia activa L3","W",465.3337895329208,18.3927,2787.2686,"2025-02-03T20:56:11.083Z",1171.7821
"Medidor 2 - L9","Potencia activa L3","W",465.3337895329208,18.3927,2787.2686,"2025-02-03T20:57:11.154Z",1187.9795
"Medidor 2 - L9","Potencia activa L3","W",465.3337895329208,18.3927,2787.2686,"2025-02-03T20:58:11.244Z",1212.3767
"Medidor 2 - L9","Potencia activa L3","W",465.3337895329208,18.3927,2787.2686,"2025-02-03T20:59:11.357Z",1187.0801
"Medidor 2 - L9","Potencia activa L3","W",465.3337895329208,18.3927,2787.2686,"2025-02-03T21:00:11.399Z",1114.8612
"Medidor 2 - L9","Potencia activa L3","W",465.3337895329208,18.3927,2787.2686,"2025-02-03T21:01:11.521Z",860.613
"Medidor 2 - L9","Potencia activa L3","W",465.3337895329208,18.3927,2787.2686,"2025-02-03T21:02:11.587Z",861.5323
"Medidor 2 - L9","Potencia activa L3","W",465.3337895329208,18.3927,2787.2686,"2025-02-03T21:03:11.645Z",1061.449
"Medidor 2 - L9","Potencia activa L3","W",465.3337895329208,18.3927,2787.2686,"2025-02-03T21:04:11.766Z",1066.891
"Medidor 2 - L9","Potencia activa L3","W",465.3337895329208,18.3927,2787.2686,"2025-02-03T21:05:11.779Z",842.7581
"Medidor 2 - L9","Potencia activa L3","W",465.3337895329208,18.3927,2787.2686,"2025-02-03T21:06:11.927Z",848.1983
"Medidor 2 - L9","Potencia activa L3","W",465.3337895329208,18.3927,2787.2686,"2025-02-03T21:07:12.020Z",851.9419
"Medidor 2 - L9","Potencia activa L3","W",465.3337895329208,18.3927,2787.2686,"2025-02-03T21:08:12.097Z",850.9785
"Medidor 2 - L9","Potencia activa L3","W",465.3337895329208,18.3927,2787.2686,"2025-02-03T21:09:12.184Z",855.0247
"Medidor 2 - L9","Potencia activa L3","W",465.3337895329208,18.3927,2787.2686,"2025-02-03T21:10:12.302Z",852.3345
"Medidor 2 - L9","Potencia activa L3","W",465.3337895329208,18.3927,2787.2686,"2025-02-03T21:11:12.364Z",838.5344
"Medidor 2 - L9","Potencia activa L3","W",465.3337895329208,18.3927,2787.2686,"2025-02-03T21:12:12.483Z",860.0177
"Medidor 2 - L9","Potencia activa L3","W",465.3337895329208,18.3927,2787.2686,"2025-02-03T21:13:12.578Z",863.5786
"Medidor 2 - L9","Potencia activa L3","W",465.3337895329208,18.3927,2787.2686,"2025-02-03T21:14:12.678Z",855.0516
"Medidor 2 - L9","Potencia activa L3","W",465.3337895329208,18.3927,2787.2686,"2025-02-03T21:15:12.762Z",848.7289
"Medidor 2 - L9","Potencia activa L3","W",465.3337895329208,18.3927,2787.2686,"2025-02-03T21:16:12.830Z",844.7125
"Medidor 2 - L9","Potencia activa L3","W",465.3337895329208,18.3927,2787.2686,"2025-02-03T21:17:12.927Z",852.3414
"Medidor 2 - L9","Potencia activa L3","W",465.3337895329208,18.3927,2787.2686,"2025-02-03T21:18:13.017Z",878.3798
"Medidor 2 - L9","Potencia activa L3","W",465.3337895329208,18.3927,2787.2686,"2025-02-03T21:19:13.151Z",871.7819
"Medidor 2 - L9","Potencia activa L3","W",465.3337895329208,18.3927,2787.2686,"2025-02-03T21:20:13.217Z",868.2079
"Medidor 2 - L9","Potencia activa L3","W",465.3337895329208,18.3927,2787.2686,"2025-02-03T21:21:13.325Z",853.0591
"Medidor 2 - L9","Potencia activa L3","W",465.3337895329208,18.3927,2787.2686,"2025-02-03T21:22:13.397Z",824.4301
"Medidor 2 - L9","Potencia activa L3","W",465.3337895329208,18.3927,2787.2686,"2025-02-03T21:23:13.442Z",822.0048
"Medidor 2 - L9","Potencia activa L3","W",465.3337895329208,18.3927,2787.2686,"2025-02-03T21:24:13.575Z",823.1328
"Medidor 2 - L9","Potencia activa L3","W",465.3337895329208,18.3927,2787.2686,"2025-02-03T21:25:13.570Z",824.3811
"Medidor 2 - L9","Potencia activa L3","W",465.3337895329208,18.3927,2787.2686,"2025-02-03T21:26:13.672Z",841.6611
"Medidor 2 - L9","Potencia activa L3","W",465.3337895329208,18.3927,2787.2686,"2025-02-03T21:27:13.754Z",817.4161
"Medidor 2 - L9","Potencia activa L3","W",465.3337895329208,18.3927,2787.2686,"2025-02-03T21:28:14.047Z",817.5023
"Medidor 2 - L9","Potencia activa L3","W",465.3337895329208,18.3927,2787.2686,"2025-02-03T21:29:13.977Z",829.8522
"Medidor 2 - L9","Potencia activa L3","W",465.3337895329208,18.3927,2787.2686,"2025-02-03T21:30:14.063Z",829.4441
"Medidor 2 - L9","Potencia activa L3","W",465.3337895329208,18.3927,2787.2686,"2025-02-03T21:31:14.160Z",818.6991
"Medidor 2 - L9","Potencia activa L3","W",465.3337895329208,18.3927,2787.2686,"2025-02-03T21:32:14.214Z",827.3413
"Medidor 2 - L9","Potencia activa L3","W",465.3337895329208,18.3927,2787.2686,"2025-02-03T21:33:14.383Z",828.3997
"Medidor 2 - L9","Potencia activa L3","W",465.3337895329208,18.3927,2787.2686,"2025-02-03T21:34:14.477Z",832.6504
"Medidor 2 - L9","Potencia activa L3","W",465.3337895329208,18.3927,2787.2686,"2025-02-03T21:35:14.602Z",828.2014
"Medidor 2 - L9","Potencia activa L3","W",465.3337895329208,18.3927,2787.2686,"2025-02-03T21:36:14.650Z",814.3421
"Medidor 2 - L9","Potencia activa L3","W",465.3337895329208,18.3927,2787.2686,"2025-02-03T21:37:14.718Z",849.4451
"Medidor 2 - L9","Potencia activa L3","W",465.3337895329208,18.3927,2787.2686,"2025-02-03T21:38:14.856Z",854.1619
"Medidor 2 - L9","Potencia activa L3","W",465.3337895329208,18.3927,2787.2686,"2025-02-03T21:39:14.960Z",1056.0082
"Medidor 2 - L9","Potencia activa L3","W",465.3337895329208,18.3927,2787.2686,"2025-02-03T21:40:15.009Z",1041.3441
"Medidor 2 - L9","Potencia activa L3","W",465.3337895329208,18.3927,2787.2686,"2025-02-03T21:41:15.114Z",828.7783
"Medidor 2 - L9","Potencia activa L3","W",465.3337895329208,18.3927,2787.2686,"2025-02-03T21:42:15.205Z",815.004
"Medidor 2 - L9","Potencia activa L3","W",465.3337895329208,18.3927,2787.2686,"2025-02-03T21:43:15.296Z",814.3894
"Medidor 2 - L9","Potencia activa L3","W",465.3337895329208,18.3927,2787.2686,"2025-02-03T21:44:15.411Z",821.3901
"Medidor 2 - L9","Potencia activa L3","W",465.3337895329208,18.3927,2787.2686,"2025-02-03T21:45:15.480Z",816.0432
"Medidor 2 - L9","Potencia activa L3","W",465.3337895329208,18.3927,2787.2686,"2025-02-03T21:46:15.557Z",834.8293
"Medidor 2 - L9","Potencia activa L3","W",465.3337895329208,18.3927,2787.2686,"2025-02-03T21:47:15.625Z",851.8854
"Medidor 2 - L9","Potencia activa L3","W",465.3337895329208,18.3927,2787.2686,"2025-02-03T21:48:15.758Z",857.9282
"Medidor 2 - L9","Potencia activa L3","W",465.3337895329208,18.3927,2787.2686,"2025-02-03T21:49:15.818Z",885.0198
"Medidor 2 - L9","Potencia activa L3","W",465.3337895329208,18.3927,2787.2686,"2025-02-03T21:50:15.903Z",846.9866
"Medidor 2 - L9","Potencia activa L3","W",465.3337895329208,18.3927,2787.2686,"2025-02-03T21:51:15.984Z",883.8915
"Medidor 2 - L9","Potencia activa L3","W",465.3337895329208,18.3927,2787.2686,"2025-02-03T21:52:16.076Z",883.8196
"Medidor 2 - L9","Potencia activa L3","W",465.3337895329208,18.3927,2787.2686,"2025-02-03T21:53:16.185Z",882.1301
"Medidor 2 - L9","Potencia activa L3","W",465.3337895329208,18.3927,2787.2686,"2025-02-03T21:54:16.242Z",864.116
"Medidor 2 - L9","Potencia activa L3","W",465.3337895329208,18.3927,2787.2686,"2025-02-03T21:55:16.332Z",867.5988
"Medidor 2 - L9","Potencia activa L3","W",465.3337895329208,18.3927,2787.2686,"2025-02-03T21:56:16.421Z",884.7355
"Medidor 2 - L9","Potencia activa L3","W",465.3337895329208,18.3927,2787.2686,"2025-02-03T21:57:16.551Z",892.8364
"Medidor 2 - L9","Potencia activa L3","W",465.3337895329208,18.3927,2787.2686,"2025-02-03T21:58:16.619Z",892.5033
"Medidor 2 - L9","Potencia activa L3","W",465.3337895329208,18.3927,2787.2686,"2025-02-03T21:59:16.710Z",870.0243
"Medidor 2 - L9","Potencia activa L3","W",465.3337895329208,18.3927,2787.2686,"2025-02-03T22:00:16.745Z",844.2455
"Medidor 2 - L9","Potencia activa L3","W",465.3337895329208,18.3927,2787.2686,"2025-02-03T22:01:16.849Z",841.1002
"Medidor 2 - L9","Potencia activa L3","W",465.3337895329208,18.3927,2787.2686,"2025-02-03T22:02:16.985Z",836.0328
"Medidor 2 - L9","Potencia activa L3","W",465.3337895329208,18.3927,2787.2686,"2025-02-03T22:03:17.013Z",840.514
"Medidor 2 - L9","Potencia activa L3","W",465.3337895329208,18.3927,2787.2686,"2025-02-03T22:04:17.117Z",847.001
"Medidor 2 - L9","Potencia activa L3","W",465.3337895329208,18.3927,2787.2686,"2025-02-03T22:05:17.232Z",844.6572
"Medidor 2 - L9","Potencia activa L3","W",465.3337895329208,18.3927,2787.2686,"2025-02-03T22:06:17.308Z",854.3598
"Medidor 2 - L9","Potencia activa L3","W",465.3337895329208,18.3927,2787.2686,"2025-02-03T22:07:17.416Z",873.8436
"Medidor 2 - L9","Potencia activa L3","W",465.3337895329208,18.3927,2787.2686,"2025-02-03T22:08:17.527Z",875.7029
"Medidor 2 - L9","Potencia activa L3","W",465.3337895329208,18.3927,2787.2686,"2025-02-03T22:09:17.577Z",866.1117
"Medidor 2 - L9","Potencia activa L3","W",465.3337895329208,18.3927,2787.2686,"2025-02-03T22:10:17.676Z",859.7205
"Medidor 2 - L9","Potencia activa L3","W",465.3337895329208,18.3927,2787.2686,"2025-02-03T22:11:17.742Z",862.3185
"Medidor 2 - L9","Potencia activa L3","W",465.3337895329208,18.3927,2787.2686,"2025-02-03T22:12:17.830Z",818.2015
"Medidor 2 - L9","Potencia activa L3","W",465.3337895329208,18.3927,2787.2686,"2025-02-03T22:13:17.889Z",817.7509
"Medidor 2 - L9","Potencia activa L3","W",465.3337895329208,18.3927,2787.2686,"2025-02-03T22:14:18.009Z",803.0194
"Medidor 2 - L9","Potencia activa L3","W",465.3337895329208,18.3927,2787.2686,"2025-02-03T22:15:18.100Z",1041.0369
"Medidor 2 - L9","Potencia activa L3","W",465.3337895329208,18.3927,2787.2686,"2025-02-03T22:16:18.193Z",1026.6062
"Medidor 2 - L9","Potencia activa L3","W",465.3337895329208,18.3927,2787.2686,"2025-02-03T22:17:18.263Z",796.7582
"Medidor 2 - L9","Potencia activa L3","W",465.3337895329208,18.3927,2787.2686,"2025-02-03T22:18:18.351Z",805.84
"Medidor 2 - L9","Potencia activa L3","W",465.3337895329208,18.3927,2787.2686,"2025-02-03T22:19:18.393Z",831.009
"Medidor 2 - L9","Potencia activa L3","W",465.3337895329208,18.3927,2787.2686,"2025-02-03T22:20:18.453Z",822.1345
"Medidor 2 - L9","Potencia activa L3","W",465.3337895329208,18.3927,2787.2686,"2025-02-03T22:21:18.565Z",822.7538
"Medidor 2 - L9","Potencia activa L3","W",465.3337895329208,18.3927,2787.2686,"2025-02-03T22:22:18.650Z",828.2473
"Medidor 2 - L9","Potencia activa L3","W",465.3337895329208,18.3927,2787.2686,"2025-02-03T22:23:18.764Z",804.6191
"Medidor 2 - L9","Potencia activa L3","W",465.3337895329208,18.3927,2787.2686,"2025-02-03T22:24:18.820Z",782.0582
"Medidor 2 - L9","Potencia activa L3","W",465.3337895329208,18.3927,2787.2686,"2025-02-03T22:25:18.910Z",789.9946
"Medidor 2 - L9","Potencia activa L3","W",465.3337895329208,18.3927,2787.2686,"2025-02-03T22:26:18.996Z",788.3642
"Medidor 2 - L9","Potencia activa L3","W",465.3337895329208,18.3927,2787.2686,"2025-02-03T22:27:19.065Z",775.4532
"Medidor 2 - L9","Potencia activa L3","W",465.3337895329208,18.3927,2787.2686,"2025-02-03T22:28:19.191Z",773.3278
"Medidor 2 - L9","Potencia activa L3","W",465.3337895329208,18.3927,2787.2686,"2025-02-03T22:29:19.310Z",795.677
"Medidor 2 - L9","Potencia activa L3","W",465.3337895329208,18.3927,2787.2686,"2025-02-03T22:30:19.399Z",809.7021
"Medidor 2 - L9","Potencia activa L3","W",465.3337895329208,18.3927,2787.2686,"2025-02-03T22:31:19.511Z",798.7095
"Medidor 2 - L9","Potencia activa L3","W",465.3337895329208,18.3927,2787.2686,"2025-02-03T22:32:19.573Z",740.6958
"Medidor 2 - L9","Potencia activa L3","W",465.3337895329208,18.3927,2787.2686,"2025-02-03T22:33:19.627Z",691.8423
"Medidor 2 - L9","Potencia activa L3","W",465.3337895329208,18.3927,2787.2686,"2025-02-03T22:34:19.773Z",690.5044
"Medidor 2 - L9","Potencia activa L3","W",465.3337895329208,18.3927,2787.2686,"2025-02-03T22:35:19.833Z",699.6528
"Medidor 2 - L9","Potencia activa L3","W",465.3337895329208,18.3927,2787.2686,"2025-02-03T22:36:19.967Z",718.4991
"Medidor 2 - L9","Potencia activa L3","W",465.3337895329208,18.3927,2787.2686,"2025-02-03T22:37:20.057Z",721.1482
"Medidor 2 - L9","Potencia activa L3","W",465.3337895329208,18.3927,2787.2686,"2025-02-03T22:38:20.097Z",734.7136
"Medidor 2 - L9","Potencia activa L3","W",465.3337895329208,18.3927,2787.2686,"2025-02-03T22:39:20.241Z",743.5414
"Medidor 2 - L9","Potencia activa L3","W",465.3337895329208,18.3927,2787.2686,"2025-02-03T22:40:20.330Z",737.2114
"Medidor 2 - L9","Potencia activa L3","W",465.3337895329208,18.3927,2787.2686,"2025-02-03T22:41:20.443Z",733.3151
"Medidor 2 - L9","Potencia activa L3","W",465.3337895329208,18.3927,2787.2686,"2025-02-03T22:42:20.473Z",744.0551
"Medidor 2 - L9","Potencia activa L3","W",465.3337895329208,18.3927,2787.2686,"2025-02-03T22:43:20.590Z",736.386
"Medidor 2 - L9","Potencia activa L3","W",465.3337895329208,18.3927,2787.2686,"2025-02-03T22:44:20.701Z",732.033
"Medidor 2 - L9","Potencia activa L3","W",465.3337895329208,18.3927,2787.2686,"2025-02-03T22:45:20.825Z",740.3065
"Medidor 2 - L9","Potencia activa L3","W",465.3337895329208,18.3927,2787.2686,"2025-02-03T22:46:20.905Z",726.4819
"Medidor 2 - L9","Potencia activa L3","W",465.3337895329208,18.3927,2787.2686,"2025-02-03T22:47:20.973Z",732.7327
"Medidor 2 - L9","Potencia activa L3","W",465.3337895329208,18.3927,2787.2686,"2025-02-03T22:48:21.075Z",951.9895
"Medidor 2 - L9","Potencia activa L3","W",465.3337895329208,18.3927,2787.2686,"2025-02-03T22:49:21.159Z",946.4918
"Medidor 2 - L9","Potencia activa L3","W",465.3337895329208,18.3927,2787.2686,"2025-02-03T22:50:21.242Z",982.6572
"Medidor 2 - L9","Potencia activa L3","W",465.3337895329208,18.3927,2787.2686,"2025-02-03T22:51:21.370Z",766.4233
"Medidor 2 - L9","Potencia activa L3","W",465.3337895329208,18.3927,2787.2686,"2025-02-03T22:52:21.482Z",802.1069
"Medidor 2 - L9","Potencia activa L3","W",465.3337895329208,18.3927,2787.2686,"2025-02-03T22:53:21.597Z",793.3566
"Medidor 2 - L9","Potencia activa L3","W",465.3337895329208,18.3927,2787.2686,"2025-02-03T22:54:21.739Z",1396.2124
"Medidor 2 - L9","Potencia activa L3","W",465.3337895329208,18.3927,2787.2686,"2025-02-03T22:55:21.834Z",773.5402
"Medidor 2 - L9","Potencia activa L3","W",465.3337895329208,18.3927,2787.2686,"2025-02-03T22:56:21.927Z",780.7596
"Medidor 2 - L9","Potencia activa L3","W",465.3337895329208,18.3927,2787.2686,"2025-02-03T22:57:21.995Z",791.6749
"Medidor 2 - L9","Potencia activa L3","W",465.3337895329208,18.3927,2787.2686,"2025-02-03T22:58:22.032Z",789.6763
"Medidor 2 - L9","Potencia activa L3","W",465.3337895329208,18.3927,2787.2686,"2025-02-03T22:59:22.137Z",801.2413
"Medidor 2 - L9","Potencia activa L3","W",465.3337895329208,18.3927,2787.2686,"2025-02-03T23:00:22.134Z",785.6559
"Medidor 2 - L9","Potencia activa L3","W",465.3337895329208,18.3927,2787.2686,"2025-02-03T23:01:22.324Z",810.1205
"Medidor 2 - L9","Potencia activa L3","W",465.3337895329208,18.3927,2787.2686,"2025-02-03T23:02:22.401Z",808.0524
"Medidor 2 - L9","Potencia activa L3","W",465.3337895329208,18.3927,2787.2686,"2025-02-03T23:03:22.545Z",779.2321
"Medidor 2 - L9","Potencia activa L3","W",465.3337895329208,18.3927,2787.2686,"2025-02-03T23:04:22.625Z",780.2668
"Medidor 2 - L9","Potencia activa L3","W",465.3337895329208,18.3927,2787.2686,"2025-02-03T23:05:22.766Z",778.8624
"Medidor 2 - L9","Potencia activa L3","W",465.3337895329208,18.3927,2787.2686,"2025-02-03T23:06:22.770Z",733.1249
"Medidor 2 - L9","Potencia activa L3","W",465.3337895329208,18.3927,2787.2686,"2025-02-03T23:07:22.892Z",730.0427
"Medidor 2 - L9","Potencia activa L3","W",465.3337895329208,18.3927,2787.2686,"2025-02-03T23:08:23.003Z",759.4394
"Medidor 2 - L9","Potencia activa L3","W",465.3337895329208,18.3927,2787.2686,"2025-02-03T23:09:23.119Z",733.7841
"Medidor 2 - L9","Potencia activa L3","W",465.3337895329208,18.3927,2787.2686,"2025-02-03T23:10:23.236Z",729.9124
"Medidor 2 - L9","Potencia activa L3","W",465.3337895329208,18.3927,2787.2686,"2025-02-03T23:11:23.184Z",728.5389
"Medidor 2 - L9","Potencia activa L3","W",465.3337895329208,18.3927,2787.2686,"2025-02-03T23:12:23.345Z",735.3807
"Medidor 2 - L9","Potencia activa L3","W",465.3337895329208,18.3927,2787.2686,"2025-02-03T23:13:23.431Z",737.7042
"Medidor 2 - L9","Potencia activa L3","W",465.3337895329208,18.3927,2787.2686,"2025-02-03T23:14:23.461Z",739.5037
"Medidor 2 - L9","Potencia activa L3","W",465.3337895329208,18.3927,2787.2686,"2025-02-03T23:15:23.575Z",748.1544
"Medidor 2 - L9","Potencia activa L3","W",465.3337895329208,18.3927,2787.2686,"2025-02-03T23:16:23.636Z",734.0063
"Medidor 2 - L9","Potencia activa L3","W",465.3337895329208,18.3927,2787.2686,"2025-02-03T23:17:23.716Z",731.5201
"Medidor 2 - L9","Potencia activa L3","W",465.3337895329208,18.3927,2787.2686,"2025-02-03T23:18:23.763Z",747.3328
"Medidor 2 - L9","Potencia activa L3","W",465.3337895329208,18.3927,2787.2686,"2025-02-03T23:19:23.931Z",725.9429
"Medidor 2 - L9","Potencia activa L3","W",465.3337895329208,18.3927,2787.2686,"2025-02-03T23:20:23.990Z",767.649
"Medidor 2 - L9","Potencia activa L3","W",465.3337895329208,18.3927,2787.2686,"2025-02-03T23:21:24.077Z",776.5671
"Medidor 2 - L9","Potencia activa L3","W",465.3337895329208,18.3927,2787.2686,"2025-02-03T23:22:24.161Z",770.2332
"Medidor 2 - L9","Potencia activa L3","W",465.3337895329208,18.3927,2787.2686,"2025-02-03T23:23:24.271Z",778.8489
"Medidor 2 - L9","Potencia activa L3","W",465.3337895329208,18.3927,2787.2686,"2025-02-03T23:24:24.360Z",794.2407
"Medidor 2 - L9","Potencia activa L3","W",465.3337895329208,18.3927,2787.2686,"2025-02-03T23:25:24.495Z",820.198
"Medidor 2 - L9","Potencia activa L3","W",465.3337895329208,18.3927,2787.2686,"2025-02-03T23:26:24.567Z",1029.488
"Medidor 2 - L9","Potencia activa L3","W",465.3337895329208,18.3927,2787.2686,"2025-02-03T23:27:24.643Z",1006.4094
"Medidor 2 - L9","Potencia activa L3","W",465.3337895329208,18.3927,2787.2686,"2025-02-03T23:28:24.736Z",773.7642
"Medidor 2 - L9","Potencia activa L3","W",465.3337895329208,18.3927,2787.2686,"2025-02-03T23:29:24.764Z",773.4152
"Medidor 2 - L9","Potencia activa L3","W",465.3337895329208,18.3927,2787.2686,"2025-02-03T23:30:24.987Z",769.0274
"Medidor 2 - L9","Potencia activa L3","W",465.3337895329208,18.3927,2787.2686,"2025-02-03T23:31:24.983Z",796.6561
"Medidor 2 - L9","Potencia activa L3","W",465.3337895329208,18.3927,2787.2686,"2025-02-03T23:32:25.126Z",1033.9806
"Medidor 2 - L9","Potencia activa L3","W",465.3337895329208,18.3927,2787.2686,"2025-02-03T23:33:25.192Z",999.6515
"Medidor 2 - L9","Potencia activa L3","W",465.3337895329208,18.3927,2787.2686,"2025-02-03T23:34:25.241Z",807.3886
"Medidor 2 - L9","Potencia activa L3","W",465.3337895329208,18.3927,2787.2686,"2025-02-03T23:35:25.324Z",799.9694
"Medidor 2 - L9","Potencia activa L3","W",465.3337895329208,18.3927,2787.2686,"2025-02-03T23:36:25.315Z",806.9756
"Medidor 2 - L9","Potencia activa L3","W",465.3337895329208,18.3927,2787.2686,"2025-02-03T23:37:25.377Z",777.4365
"Medidor 2 - L9","Potencia activa L3","W",465.3337895329208,18.3927,2787.2686,"2025-02-03T23:38:25.466Z",777.3914
"Medidor 2 - L9","Potencia activa L3","W",465.3337895329208,18.3927,2787.2686,"2025-02-03T23:39:25.569Z",782.2268
"Medidor 2 - L9","Potencia activa L3","W",465.3337895329208,18.3927,2787.2686,"2025-02-03T23:40:25.659Z",781.2292
"Medidor 2 - L9","Potencia activa L3","W",465.3337895329208,18.3927,2787.2686,"2025-02-03T23:41:25.682Z",781.7716
"Medidor 2 - L9","Potencia activa L3","W",465.3337895329208,18.3927,2787.2686,"2025-02-03T23:42:25.746Z",784.2612
"Medidor 2 - L9","Potencia activa L3","W",465.3337895329208,18.3927,2787.2686,"2025-02-03T23:43:25.843Z",748.6556
"Medidor 2 - L9","Potencia activa L3","W",465.3337895329208,18.3927,2787.2686,"2025-02-03T23:44:25.939Z",744.5852
"Medidor 2 - L9","Potencia activa L3","W",465.3337895329208,18.3927,2787.2686,"2025-02-03T23:45:25.957Z",746.457
"Medidor 2 - L9","Potencia activa L3","W",465.3337895329208,18.3927,2787.2686,"2025-02-03T23:46:26.017Z",743.5225
"Medidor 2 - L9","Potencia activa L3","W",465.3337895329208,18.3927,2787.2686,"2025-02-03T23:47:26.138Z",747.7939
"Medidor 2 - L9","Potencia activa L3","W",465.3337895329208,18.3927,2787.2686,"2025-02-03T23:48:26.169Z",762.4094
"Medidor 2 - L9","Potencia activa L3","W",465.3337895329208,18.3927,2787.2686,"2025-02-03T23:49:26.343Z",779.8572
"Medidor 2 - L9","Potencia activa L3","W",465.3337895329208,18.3927,2787.2686,"2025-02-03T23:50:26.377Z",783.4875
"Medidor 2 - L9","Potencia activa L3","W",465.3337895329208,18.3927,2787.2686,"2025-02-03T23:51:26.496Z",820.3991
"Medidor 2 - L9","Potencia activa L3","W",465.3337895329208,18.3927,2787.2686,"2025-02-03T23:52:26.563Z",1268.3911
"Medidor 2 - L9","Potencia activa L3","W",465.3337895329208,18.3927,2787.2686,"2025-02-03T23:53:26.564Z",811.9308
"Medidor 2 - L9","Potencia activa L3","W",465.3337895329208,18.3927,2787.2686,"2025-02-03T23:54:26.691Z",812.638
"Medidor 2 - L9","Potencia activa L3","W",465.3337895329208,18.3927,2787.2686,"2025-02-03T23:55:26.836Z",802.4338
"Medidor 2 - L9","Potencia activa L3","W",465.3337895329208,18.3927,2787.2686,"2025-02-03T23:56:26.939Z",795.3008
"Medidor 2 - L9","Potencia activa L3","W",465.3337895329208,18.3927,2787.2686,"2025-02-03T23:57:27.038Z",796.8265
"Medidor 2 - L9","Potencia activa L3","W",465.3337895329208,18.3927,2787.2686,"2025-02-03T23:58:27.078Z",803.577
"Medidor 2 - L9","Potencia activa L3","W",465.3337895329208,18.3927,2787.2686,"2025-02-03T23:59:27.186Z",823.2917
"Medidor 2 - L9","Potencia activa L3","W",465.3337895329208,18.3927,2787.2686,"2025-02-04T00:00:27.276Z",823.6099
"Medidor 2 - L9","Potencia activa L3","W",465.3337895329208,18.3927,2787.2686,"2025-02-04T00:01:27.354Z",774.3765
"Medidor 2 - L9","Potencia activa L3","W",465.3337895329208,18.3927,2787.2686,"2025-02-04T00:02:27.384Z",1000.3661
"Medidor 2 - L9","Potencia activa L3","W",465.3337895329208,18.3927,2787.2686,"2025-02-04T00:03:27.532Z",1304.5997
"Medidor 2 - L9","Potencia activa L3","W",465.3337895329208,18.3927,2787.2686,"2025-02-04T00:04:27.534Z",794.0129
"Medidor 2 - L9","Potencia activa L3","W",465.3337895329208,18.3927,2787.2686,"2025-02-04T00:05:27.690Z",772.8232
"Medidor 2 - L9","Potencia activa L3","W",465.3337895329208,18.3927,2787.2686,"2025-02-04T00:06:27.753Z",815.3095
"Medidor 2 - L9","Potencia activa L3","W",465.3337895329208,18.3927,2787.2686,"2025-02-04T00:07:27.902Z",775.456
"Medidor 2 - L9","Potencia activa L3","W",465.3337895329208,18.3927,2787.2686,"2025-02-04T00:08:27.953Z",1131.9213
"Medidor 2 - L9","Potencia activa L3","W",465.3337895329208,18.3927,2787.2686,"2025-02-04T00:09:28.037Z",816.9839
"Medidor 2 - L9","Potencia activa L3","W",465.3337895329208,18.3927,2787.2686,"2025-02-04T00:10:28.035Z",685.4636
"Medidor 2 - L9","Potencia activa L3","W",465.3337895329208,18.3927,2787.2686,"2025-02-04T00:11:28.133Z",683.9357
"Medidor 2 - L9","Potencia activa L3","W",465.3337895329208,18.3927,2787.2686,"2025-02-04T00:12:28.279Z",686.0321
"Medidor 2 - L9","Potencia activa L3","W",465.3337895329208,18.3927,2787.2686,"2025-02-04T00:13:28.365Z",683.1034
"Medidor 2 - L9","Potencia activa L3","W",465.3337895329208,18.3927,2787.2686,"2025-02-04T00:14:28.377Z",689.0565
"Medidor 2 - L9","Potencia activa L3","W",465.3337895329208,18.3927,2787.2686,"2025-02-04T00:15:28.561Z",687.7857
"Medidor 2 - L9","Potencia activa L3","W",465.3337895329208,18.3927,2787.2686,"2025-02-04T00:16:28.705Z",687.7177
"Medidor 2 - L9","Potencia activa L3","W",465.3337895329208,18.3927,2787.2686,"2025-02-04T00:17:28.755Z",676.871
"Medidor 2 - L9","Potencia activa L3","W",465.3337895329208,18.3927,2787.2686,"2025-02-04T00:18:28.857Z",670.9397
"Medidor 2 - L9","Potencia activa L3","W",465.3337895329208,18.3927,2787.2686,"2025-02-04T00:19:28.980Z",672.4112
"Medidor 2 - L9","Potencia activa L3","W",465.3337895329208,18.3927,2787.2686,"2025-02-04T00:20:29.009Z",637.4258
"Medidor 2 - L9","Potencia activa L3","W",465.3337895329208,18.3927,2787.2686,"2025-02-04T00:21:29.074Z",654.8152
"Medidor 2 - L9","Potencia activa L3","W",465.3337895329208,18.3927,2787.2686,"2025-02-04T00:22:29.228Z",661.682
"Medidor 2 - L9","Potencia activa L3","W",465.3337895329208,18.3927,2787.2686,"2025-02-04T00:23:29.323Z",662.1017
"Medidor 2 - L9","Potencia activa L3","W",465.3337895329208,18.3927,2787.2686,"2025-02-04T00:24:29.383Z",636.7454
"Medidor 2 - L9","Potencia activa L3","W",465.3337895329208,18.3927,2787.2686,"2025-02-04T00:25:29.433Z",637.0883
"Medidor 2 - L9","Potencia activa L3","W",465.3337895329208,18.3927,2787.2686,"2025-02-04T00:26:29.515Z",625.5175
"Medidor 2 - L9","Potencia activa L3","W",465.3337895329208,18.3927,2787.2686,"2025-02-04T00:27:29.547Z",645.9807
"Medidor 2 - L9","Potencia activa L3","W",465.3337895329208,18.3927,2787.2686,"2025-02-04T00:28:29.714Z",635.5989
"Medidor 2 - L9","Potencia activa L3","W",465.3337895329208,18.3927,2787.2686,"2025-02-04T00:29:29.806Z",631.2151
"Medidor 2 - L9","Potencia activa L3","W",465.3337895329208,18.3927,2787.2686,"2025-02-04T00:30:29.871Z",643.3285
"Medidor 2 - L9","Potencia activa L3","W",465.3337895329208,18.3927,2787.2686,"2025-02-04T00:31:29.912Z",641.1552
"Medidor 2 - L9","Potencia activa L3","W",465.3337895329208,18.3927,2787.2686,"2025-02-04T00:32:30.070Z",637.4241
"Medidor 2 - L9","Potencia activa L3","W",465.3337895329208,18.3927,2787.2686,"2025-02-04T00:33:30.118Z",630.7015
"Medidor 2 - L9","Potencia activa L3","W",465.3337895329208,18.3927,2787.2686,"2025-02-04T00:34:30.207Z",637.0936
"Medidor 2 - L9","Potencia activa L3","W",465.3337895329208,18.3927,2787.2686,"2025-02-04T00:35:30.328Z",638.7499
"Medidor 2 - L9","Potencia activa L3","W",465.3337895329208,18.3927,2787.2686,"2025-02-04T00:36:30.427Z",631.1381
"Medidor 2 - L9","Potencia activa L3","W",465.3337895329208,18.3927,2787.2686,"2025-02-04T00:37:30.507Z",653.316
"Medidor 2 - L9","Potencia activa L3","W",465.3337895329208,18.3927,2787.2686,"2025-02-04T00:38:30.576Z",703.1561
"Medidor 2 - L9","Potencia activa L3","W",465.3337895329208,18.3927,2787.2686,"2025-02-04T00:39:30.701Z",613.1779
"Medidor 2 - L9","Potencia activa L3","W",465.3337895329208,18.3927,2787.2686,"2025-02-04T00:40:30.795Z",603.4258
"Medidor 2 - L9","Potencia activa L3","W",465.3337895329208,18.3927,2787.2686,"2025-02-04T00:41:30.880Z",822.4702
"Medidor 2 - L9","Potencia activa L3","W",465.3337895329208,18.3927,2787.2686,"2025-02-04T00:42:30.950Z",816.5687
"Medidor 2 - L9","Potencia activa L3","W",465.3337895329208,18.3927,2787.2686,"2025-02-04T00:43:31.038Z",598.6566
"Medidor 2 - L9","Potencia activa L3","W",465.3337895329208,18.3927,2787.2686,"2025-02-04T00:44:31.344Z",596.3787
"Medidor 2 - L9","Potencia activa L3","W",465.3337895329208,18.3927,2787.2686,"2025-02-04T00:45:31.501Z",595.8962
"Medidor 2 - L9","Potencia activa L3","W",465.3337895329208,18.3927,2787.2686,"2025-02-04T00:46:31.614Z",592.6073
"Medidor 2 - L9","Potencia activa L3","W",465.3337895329208,18.3927,2787.2686,"2025-02-04T00:47:31.686Z",603.9906
"Medidor 2 - L9","Potencia activa L3","W",465.3337895329208,18.3927,2787.2686,"2025-02-04T00:48:31.784Z",592.9775
"Medidor 2 - L9","Potencia activa L3","W",465.3337895329208,18.3927,2787.2686,"2025-02-04T00:49:31.854Z",592.4221
"Medidor 2 - L9","Potencia activa L3","W",465.3337895329208,18.3927,2787.2686,"2025-02-04T00:50:31.994Z",601.7852
"Medidor 2 - L9","Potencia activa L3","W",465.3337895329208,18.3927,2787.2686,"2025-02-04T00:51:32.060Z",588.3924
"Medidor 2 - L9","Potencia activa L3","W",465.3337895329208,18.3927,2787.2686,"2025-02-04T00:52:32.178Z",594.1129
"Medidor 2 - L9","Potencia activa L3","W",465.3337895329208,18.3927,2787.2686,"2025-02-04T00:53:32.269Z",590.2789
"Medidor 2 - L9","Potencia activa L3","W",465.3337895329208,18.3927,2787.2686,"2025-02-04T00:54:32.348Z",590.8762
"Medidor 2 - L9","Potencia activa L3","W",465.3337895329208,18.3927,2787.2686,"2025-02-04T00:55:32.422Z",588.4142
"Medidor 2 - L9","Potencia activa L3","W",465.3337895329208,18.3927,2787.2686,"2025-02-04T00:56:32.549Z",592.3628
"Medidor 2 - L9","Potencia activa L3","W",465.3337895329208,18.3927,2787.2686,"2025-02-04T00:57:32.636Z",592.791
"Medidor 2 - L9","Potencia activa L3","W",465.3337895329208,18.3927,2787.2686,"2025-02-04T00:58:32.692Z",600.3184
"Medidor 2 - L9","Potencia activa L3","W",465.3337895329208,18.3927,2787.2686,"2025-02-04T00:59:32.840Z",596.336
"Medidor 2 - L9","Potencia activa L3","W",465.3337895329208,18.3927,2787.2686,"2025-02-04T01:00:32.948Z",593.7526
"Medidor 2 - L9","Potencia activa L3","W",465.3337895329208,18.3927,2787.2686,"2025-02-04T01:01:33.021Z",591.4934
"Medidor 2 - L9","Potencia activa L3","W",465.3337895329208,18.3927,2787.2686,"2025-02-04T01:02:33.101Z",586.4835
"Medidor 2 - L9","Potencia activa L3","W",465.3337895329208,18.3927,2787.2686,"2025-02-04T01:03:33.178Z",586.8763
"Medidor 2 - L9","Potencia activa L3","W",465.3337895329208,18.3927,2787.2686,"2025-02-04T01:04:33.336Z",599.455
"Medidor 2 - L9","Potencia activa L3","W",465.3337895329208,18.3927,2787.2686,"2025-02-04T01:05:33.466Z",558.4996
"Medidor 2 - L9","Potencia activa L3","W",465.3337895329208,18.3927,2787.2686,"2025-02-04T01:06:33.496Z",559.7024
"Medidor 2 - L9","Potencia activa L3","W",465.3337895329208,18.3927,2787.2686,"2025-02-04T01:07:33.526Z",451.9499
"Medidor 2 - L9","Potencia activa L3","W",465.3337895329208,18.3927,2787.2686,"2025-02-04T01:08:33.631Z",334.6389
"Medidor 2 - L9","Potencia activa L3","W",465.3337895329208,18.3927,2787.2686,"2025-02-04T01:09:33.756Z",337.7054
"Medidor 2 - L9","Potencia activa L3","W",465.3337895329208,18.3927,2787.2686,"2025-02-04T01:10:33.806Z",336.9733
"Medidor 2 - L9","Potencia activa L3","W",465.3337895329208,18.3927,2787.2686,"2025-02-04T01:11:33.956Z",332.4781
"Medidor 2 - L9","Potencia activa L3","W",465.3337895329208,18.3927,2787.2686,"2025-02-04T01:12:34.078Z",337.883
"Medidor 2 - L9","Potencia activa L3","W",465.3337895329208,18.3927,2787.2686,"2025-02-04T01:13:34.120Z",336.9586
"Medidor 2 - L9","Potencia activa L3","W",465.3337895329208,18.3927,2787.2686,"2025-02-04T01:14:34.199Z",334.7928
"Medidor 2 - L9","Potencia activa L3","W",465.3337895329208,18.3927,2787.2686,"2025-02-04T01:15:34.316Z",327.0292
"Medidor 2 - L9","Potencia activa L3","W",465.3337895329208,18.3927,2787.2686,"2025-02-04T01:16:34.388Z",330.4275
"Medidor 2 - L9","Potencia activa L3","W",465.3337895329208,18.3927,2787.2686,"2025-02-04T01:17:34.488Z",329.7421
"Medidor 2 - L9","Potencia activa L3","W",465.3337895329208,18.3927,2787.2686,"2025-02-04T01:18:34.617Z",328.4588
"Medidor 2 - L9","Potencia activa L3","W",465.3337895329208,18.3927,2787.2686,"2025-02-04T01:19:34.673Z",327.4475
"Medidor 2 - L9","Potencia activa L3","W",465.3337895329208,18.3927,2787.2686,"2025-02-04T01:20:34.691Z",338.9238
"Medidor 2 - L9","Potencia activa L3","W",465.3337895329208,18.3927,2787.2686,"2025-02-04T01:21:34.741Z",340.3339
"Medidor 2 - L9","Potencia activa L3","W",465.3337895329208,18.3927,2787.2686,"2025-02-04T01:22:34.925Z",584.013
"Medidor 2 - L9","Potencia activa L3","W",465.3337895329208,18.3927,2787.2686,"2025-02-04T01:23:35.044Z",512.688
"Medidor 2 - L9","Potencia activa L3","W",465.3337895329208,18.3927,2787.2686,"2025-02-04T01:24:35.134Z",292.8788
"Medidor 2 - L9","Potencia activa L3","W",465.3337895329208,18.3927,2787.2686,"2025-02-04T01:25:35.195Z",289.9406
"Medidor 2 - L9","Potencia activa L3","W",465.3337895329208,18.3927,2787.2686,"2025-02-04T01:26:35.311Z",290.6413
"Medidor 2 - L9","Potencia activa L3","W",465.3337895329208,18.3927,2787.2686,"2025-02-04T01:27:35.404Z",291.3569
"Medidor 2 - L9","Potencia activa L3","W",465.3337895329208,18.3927,2787.2686,"2025-02-04T01:28:35.473Z",289.2758
"Medidor 2 - L9","Potencia activa L3","W",465.3337895329208,18.3927,2787.2686,"2025-02-04T01:29:35.608Z",298.0462
"Medidor 2 - L9","Potencia activa L3","W",465.3337895329208,18.3927,2787.2686,"2025-02-04T01:30:35.668Z",289.7149
"Medidor 2 - L9","Potencia activa L3","W",465.3337895329208,18.3927,2787.2686,"2025-02-04T01:31:35.795Z",293.3597
"Medidor 2 - L9","Potencia activa L3","W",465.3337895329208,18.3927,2787.2686,"2025-02-04T01:32:35.866Z",289.1205
"Medidor 2 - L9","Potencia activa L3","W",465.3337895329208,18.3927,2787.2686,"2025-02-04T01:33:35.998Z",285.0604
"Medidor 2 - L9","Potencia activa L3","W",465.3337895329208,18.3927,2787.2686,"2025-02-04T01:34:36.093Z",290.5052
"Medidor 2 - L9","Potencia activa L3","W",465.3337895329208,18.3927,2787.2686,"2025-02-04T01:35:36.170Z",293.5877
"Medidor 2 - L9","Potencia activa L3","W",465.3337895329208,18.3927,2787.2686,"2025-02-04T01:36:36.259Z",287.8193
"Medidor 2 - L9","Potencia activa L3","W",465.3337895329208,18.3927,2787.2686,"2025-02-04T01:37:36.326Z",290.6556
"Medidor 2 - L9","Potencia activa L3","W",465.3337895329208,18.3927,2787.2686,"2025-02-04T01:38:36.368Z",291.5833
"Medidor 2 - L9","Potencia activa L3","W",465.3337895329208,18.3927,2787.2686,"2025-02-04T01:39:36.391Z",311.5611
"Medidor 2 - L9","Potencia activa L3","W",465.3337895329208,18.3927,2787.2686,"2025-02-04T01:40:36.491Z",318.9379
"Medidor 2 - L9","Potencia activa L3","W",465.3337895329208,18.3927,2787.2686,"2025-02-04T01:41:36.587Z",299.2135
"Medidor 2 - L9","Potencia activa L3","W",465.3337895329208,18.3927,2787.2686,"2025-02-04T01:42:36.680Z",301.7283
"Medidor 2 - L9","Potencia activa L3","W",465.3337895329208,18.3927,2787.2686,"2025-02-04T01:43:36.752Z",305.8869
"Medidor 2 - L9","Potencia activa L3","W",465.3337895329208,18.3927,2787.2686,"2025-02-04T01:44:36.843Z",285.7535
"Medidor 2 - L9","Potencia activa L3","W",465.3337895329208,18.3927,2787.2686,"2025-02-04T01:45:36.981Z",288.4388
"Medidor 2 - L9","Potencia activa L3","W",465.3337895329208,18.3927,2787.2686,"2025-02-04T01:46:37.047Z",299.2855
"Medidor 2 - L9","Potencia activa L3","W",465.3337895329208,18.3927,2787.2686,"2025-02-04T01:47:37.178Z",294.1794
"Medidor 2 - L9","Potencia activa L3","W",465.3337895329208,18.3927,2787.2686,"2025-02-04T01:48:37.262Z",288.7823
"Medidor 2 - L9","Potencia activa L3","W",465.3337895329208,18.3927,2787.2686,"2025-02-04T01:49:37.292Z",298.0626
"Medidor 2 - L9","Potencia activa L3","W",465.3337895329208,18.3927,2787.2686,"2025-02-04T01:50:37.414Z",298.1837
"Medidor 2 - L9","Potencia activa L3","W",465.3337895329208,18.3927,2787.2686,"2025-02-04T01:51:37.532Z",296.7053
"Medidor 2 - L9","Potencia activa L3","W",465.3337895329208,18.3927,2787.2686,"2025-02-04T01:52:37.615Z",284.7964
"Medidor 2 - L9","Potencia activa L3","W",465.3337895329208,18.3927,2787.2686,"2025-02-04T01:53:37.727Z",289.5689
"Medidor 2 - L9","Potencia activa L3","W",465.3337895329208,18.3927,2787.2686,"2025-02-04T01:54:37.839Z",290.5333
"Medidor 2 - L9","Potencia activa L3","W",465.3337895329208,18.3927,2787.2686,"2025-02-04T01:55:37.935Z",286.1869
"Medidor 2 - L9","Potencia activa L3","W",465.3337895329208,18.3927,2787.2686,"2025-02-04T01:56:38.029Z",291.3068
"Medidor 2 - L9","Potencia activa L3","W",465.3337895329208,18.3927,2787.2686,"2025-02-04T01:57:38.130Z",292.8342
"Medidor 2 - L9","Potencia activa L3","W",465.3337895329208,18.3927,2787.2686,"2025-02-04T01:58:38.213Z",291.5182
"Medidor 2 - L9","Potencia activa L3","W",465.3337895329208,18.3927,2787.2686,"2025-02-04T01:59:38.232Z",502.8906
"Medidor 2 - L9","Potencia activa L3","W",465.3337895329208,18.3927,2787.2686,"2025-02-04T02:00:38.406Z",506.8953
"Medidor 2 - L9","Potencia activa L3","W",465.3337895329208,18.3927,2787.2686,"2025-02-04T02:01:38.446Z",288.0723
"Medidor 2 - L9","Potencia activa L3","W",465.3337895329208,18.3927,2787.2686,"2025-02-04T02:02:38.482Z",292.5232
"Medidor 2 - L9","Potencia activa L3","W",465.3337895329208,18.3927,2787.2686,"2025-02-04T02:03:38.605Z",294.6526
"Medidor 2 - L9","Potencia activa L3","W",465.3337895329208,18.3927,2787.2686,"2025-02-04T02:04:38.660Z",287.4868
"Medidor 2 - L9","Potencia activa L3","W",465.3337895329208,18.3927,2787.2686,"2025-02-04T02:05:38.692Z",282.3567
"Medidor 2 - L9","Potencia activa L3","W",465.3337895329208,18.3927,2787.2686,"2025-02-04T02:06:38.846Z",290.7556
"Medidor 2 - L9","Potencia activa L3","W",465.3337895329208,18.3927,2787.2686,"2025-02-04T02:07:38.893Z",294.8246
"Medidor 2 - L9","Potencia activa L3","W",465.3337895329208,18.3927,2787.2686,"2025-02-04T02:08:38.928Z",298.7194
"Medidor 2 - L9","Potencia activa L3","W",465.3337895329208,18.3927,2787.2686,"2025-02-04T02:09:39.086Z",284.4658
"Medidor 2 - L9","Potencia activa L3","W",465.3337895329208,18.3927,2787.2686,"2025-02-04T02:10:39.163Z",293.7617
"Medidor 2 - L9","Potencia activa L3","W",465.3337895329208,18.3927,2787.2686,"2025-02-04T02:11:39.235Z",294.0772
"Medidor 2 - L9","Potencia activa L3","W",465.3337895329208,18.3927,2787.2686,"2025-02-04T02:12:39.278Z",287.4726
"Medidor 2 - L9","Potencia activa L3","W",465.3337895329208,18.3927,2787.2686,"2025-02-04T02:13:39.373Z",284.3461
"Medidor 2 - L9","Potencia activa L3","W",465.3337895329208,18.3927,2787.2686,"2025-02-04T02:14:39.419Z",294.9446
"Medidor 2 - L9","Potencia activa L3","W",465.3337895329208,18.3927,2787.2686,"2025-02-04T02:15:39.548Z",284.8685
"Medidor 2 - L9","Potencia activa L3","W",465.3337895329208,18.3927,2787.2686,"2025-02-04T02:16:39.633Z",285.769
"Medidor 2 - L9","Potencia activa L3","W",465.3337895329208,18.3927,2787.2686,"2025-02-04T02:17:39.665Z",281.7411
"Medidor 2 - L9","Potencia activa L3","W",465.3337895329208,18.3927,2787.2686,"2025-02-04T02:18:39.807Z",287.2645
"Medidor 2 - L9","Potencia activa L3","W",465.3337895329208,18.3927,2787.2686,"2025-02-04T02:19:39.893Z",287.4262
"Medidor 2 - L9","Potencia activa L3","W",465.3337895329208,18.3927,2787.2686,"2025-02-04T02:20:40.017Z",287.274
"Medidor 2 - L9","Potencia activa L3","W",465.3337895329208,18.3927,2787.2686,"2025-02-04T02:21:40.081Z",284.4603
"Medidor 2 - L9","Potencia activa L3","W",465.3337895329208,18.3927,2787.2686,"2025-02-04T02:22:40.136Z",328.0554
"Medidor 2 - L9","Potencia activa L3","W",465.3337895329208,18.3927,2787.2686,"2025-02-04T02:23:40.230Z",329.3769
"Medidor 2 - L9","Potencia activa L3","W",465.3337895329208,18.3927,2787.2686,"2025-02-04T02:24:40.260Z",333.3276
"Medidor 2 - L9","Potencia activa L3","W",465.3337895329208,18.3927,2787.2686,"2025-02-04T02:25:40.328Z",322.3903
"Medidor 2 - L9","Potencia activa L3","W",465.3337895329208,18.3927,2787.2686,"2025-02-04T02:26:40.404Z",328.6747
"Medidor 2 - L9","Potencia activa L3","W",465.3337895329208,18.3927,2787.2686,"2025-02-04T02:27:40.496Z",329.3194
"Medidor 2 - L9","Potencia activa L3","W",465.3337895329208,18.3927,2787.2686,"2025-02-04T02:28:40.609Z",323.6749
"Medidor 2 - L9","Potencia activa L3","W",465.3337895329208,18.3927,2787.2686,"2025-02-04T02:29:40.708Z",332.301
"Medidor 2 - L9","Potencia activa L3","W",465.3337895329208,18.3927,2787.2686,"2025-02-04T02:30:40.758Z",332.8151
"Medidor 2 - L9","Potencia activa L3","W",465.3337895329208,18.3927,2787.2686,"2025-02-04T02:31:40.840Z",333.5208
"Medidor 2 - L9","Potencia activa L3","W",465.3337895329208,18.3927,2787.2686,"2025-02-04T02:32:40.929Z",331.5768
"Medidor 2 - L9","Potencia activa L3","W",465.3337895329208,18.3927,2787.2686,"2025-02-04T02:33:40.985Z",331.7008
"Medidor 2 - L9","Potencia activa L3","W",465.3337895329208,18.3927,2787.2686,"2025-02-04T02:34:41.087Z",329.8286
"Medidor 2 - L9","Potencia activa L3","W",465.3337895329208,18.3927,2787.2686,"2025-02-04T02:35:41.140Z",325.8166
"Medidor 2 - L9","Potencia activa L3","W",465.3337895329208,18.3927,2787.2686,"2025-02-04T02:36:41.268Z",555.6011
"Medidor 2 - L9","Potencia activa L3","W",465.3337895329208,18.3927,2787.2686,"2025-02-04T02:37:41.301Z",543.1282
"Medidor 2 - L9","Potencia activa L3","W",465.3337895329208,18.3927,2787.2686,"2025-02-04T02:38:41.379Z",324.8633
"Medidor 2 - L9","Potencia activa L3","W",465.3337895329208,18.3927,2787.2686,"2025-02-04T02:39:41.469Z",331.9673
"Medidor 2 - L9","Potencia activa L3","W",465.3337895329208,18.3927,2787.2686,"2025-02-04T02:40:41.634Z",324.6104
"Medidor 2 - L9","Potencia activa L3","W",465.3337895329208,18.3927,2787.2686,"2025-02-04T02:41:41.700Z",325.8058
"Medidor 2 - L9","Potencia activa L3","W",465.3337895329208,18.3927,2787.2686,"2025-02-04T02:42:41.786Z",332.3734
"Medidor 2 - L9","Potencia activa L3","W",465.3337895329208,18.3927,2787.2686,"2025-02-04T02:43:41.875Z",326.8252
"Medidor 2 - L9","Potencia activa L3","W",465.3337895329208,18.3927,2787.2686,"2025-02-04T02:44:42.014Z",227.7779
"Medidor 2 - L9","Potencia activa L3","W",465.3337895329208,18.3927,2787.2686,"2025-02-04T02:45:42.076Z",220.6949
"Medidor 2 - L9","Potencia activa L3","W",465.3337895329208,18.3927,2787.2686,"2025-02-04T02:46:42.123Z",217.5459
"Medidor 2 - L9","Potencia activa L3","W",465.3337895329208,18.3927,2787.2686,"2025-02-04T02:47:42.223Z",205.3769
"Medidor 2 - L9","Potencia activa L3","W",465.3337895329208,18.3927,2787.2686,"2025-02-04T02:48:42.306Z",220.0098
"Medidor 2 - L9","Potencia activa L3","W",465.3337895329208,18.3927,2787.2686,"2025-02-04T02:49:42.477Z",223.6198
"Medidor 2 - L9","Potencia activa L3","W",465.3337895329208,18.3927,2787.2686,"2025-02-04T02:50:42.528Z",215.6223
"Medidor 2 - L9","Potencia activa L3","W",465.3337895329208,18.3927,2787.2686,"2025-02-04T02:51:42.630Z",222.6055
"Medidor 2 - L9","Potencia activa L3","W",465.3337895329208,18.3927,2787.2686,"2025-02-04T02:52:42.716Z",221.8014
"Medidor 2 - L9","Potencia activa L3","W",465.3337895329208,18.3927,2787.2686,"2025-02-04T02:53:42.874Z",221.3341
"Medidor 2 - L9","Potencia activa L3","W",465.3337895329208,18.3927,2787.2686,"2025-02-04T02:54:42.939Z",218.5469
"Medidor 2 - L9","Potencia activa L3","W",465.3337895329208,18.3927,2787.2686,"2025-02-04T02:55:42.927Z",222.3786
"Medidor 2 - L9","Potencia activa L3","W",465.3337895329208,18.3927,2787.2686,"2025-02-04T02:56:43.071Z",233.8562
"Medidor 2 - L9","Potencia activa L3","W",465.3337895329208,18.3927,2787.2686,"2025-02-04T02:57:43.120Z",216.4852
"Medidor 2 - L9","Potencia activa L3","W",465.3337895329208,18.3927,2787.2686,"2025-02-04T02:58:43.284Z",219.7546
"Medidor 2 - L9","Potencia activa L3","W",465.3337895329208,18.3927,2787.2686,"2025-02-04T02:59:43.355Z",227.2372
"Medidor 2 - L9","Potencia activa L3","W",465.3337895329208,18.3927,2787.2686,"2025-02-04T03:00:43.347Z",218.4193
"Medidor 2 - L9","Potencia activa L3","W",465.3337895329208,18.3927,2787.2686,"2025-02-04T03:01:43.523Z",221.6983
"Medidor 2 - L9","Potencia activa L3","W",465.3337895329208,18.3927,2787.2686,"2025-02-04T03:02:43.562Z",226.0319
"Medidor 2 - L9","Potencia activa L3","W",465.3337895329208,18.3927,2787.2686,"2025-02-04T03:03:43.683Z",231.0048
"Medidor 2 - L9","Potencia activa L3","W",465.3337895329208,18.3927,2787.2686,"2025-02-04T03:04:43.820Z",226.1038
"Medidor 2 - L9","Potencia activa L3","W",465.3337895329208,18.3927,2787.2686,"2025-02-04T03:05:43.900Z",239.5241
"Medidor 2 - L9","Potencia activa L3","W",465.3337895329208,18.3927,2787.2686,"2025-02-04T03:06:43.935Z",222.5485
"Medidor 2 - L9","Potencia activa L3","W",465.3337895329208,18.3927,2787.2686,"2025-02-04T03:07:44.067Z",220.0798
"Medidor 2 - L9","Potencia activa L3","W",465.3337895329208,18.3927,2787.2686,"2025-02-04T03:08:44.144Z",223.9669
"Medidor 2 - L9","Potencia activa L3","W",465.3337895329208,18.3927,2787.2686,"2025-02-04T03:09:44.256Z",223.8051
"Medidor 2 - L9","Potencia activa L3","W",465.3337895329208,18.3927,2787.2686,"2025-02-04T03:10:44.391Z",221.9722
"Medidor 2 - L9","Potencia activa L3","W",465.3337895329208,18.3927,2787.2686,"2025-02-04T03:11:44.427Z",218.9215
"Medidor 2 - L9","Potencia activa L3","W",465.3337895329208,18.3927,2787.2686,"2025-02-04T03:12:44.546Z",229.2805
"Medidor 2 - L9","Potencia activa L3","W",465.3337895329208,18.3927,2787.2686,"2025-02-04T03:13:44.603Z",448.0935
"Medidor 2 - L9","Potencia activa L3","W",465.3337895329208,18.3927,2787.2686,"2025-02-04T03:14:44.765Z",449.8842
"Medidor 2 - L9","Potencia activa L3","W",465.3337895329208,18.3927,2787.2686,"2025-02-04T03:15:44.862Z",443.6503
"Medidor 2 - L9","Potencia activa L3","W",465.3337895329208,18.3927,2787.2686,"2025-02-04T03:16:44.949Z",219.6643
"Medidor 2 - L9","Potencia activa L3","W",465.3337895329208,18.3927,2787.2686,"2025-02-04T03:17:44.997Z",226.1839
"Medidor 2 - L9","Potencia activa L3","W",465.3337895329208,18.3927,2787.2686,"2025-02-04T03:18:45.103Z",223.5228
"Medidor 2 - L9","Potencia activa L3","W",465.3337895329208,18.3927,2787.2686,"2025-02-04T03:19:45.185Z",222.3736
"Medidor 2 - L9","Potencia activa L3","W",465.3337895329208,18.3927,2787.2686,"2025-02-04T03:20:45.328Z",183.6899
"Medidor 2 - L9","Potencia activa L3","W",465.3337895329208,18.3927,2787.2686,"2025-02-04T03:21:45.439Z",186.3774
"Medidor 2 - L9","Potencia activa L3","W",465.3337895329208,18.3927,2787.2686,"2025-02-04T03:22:45.446Z",192.1146
"Medidor 2 - L9","Potencia activa L3","W",465.3337895329208,18.3927,2787.2686,"2025-02-04T03:23:45.543Z",196.6691
"Medidor 2 - L9","Potencia activa L3","W",465.3337895329208,18.3927,2787.2686,"2025-02-04T03:24:45.698Z",192.4294
"Medidor 2 - L9","Potencia activa L3","W",465.3337895329208,18.3927,2787.2686,"2025-02-04T03:25:45.766Z",193.2201
"Medidor 2 - L9","Potencia activa L3","W",465.3337895329208,18.3927,2787.2686,"2025-02-04T03:26:45.832Z",180.0043
"Medidor 2 - L9","Potencia activa L3","W",465.3337895329208,18.3927,2787.2686,"2025-02-04T03:27:45.987Z",183.8194
"Medidor 2 - L9","Potencia activa L3","W",465.3337895329208,18.3927,2787.2686,"2025-02-04T03:28:46.043Z",181.9672
"Medidor 2 - L9","Potencia activa L3","W",465.3337895329208,18.3927,2787.2686,"2025-02-04T03:29:46.104Z",177.2625
"Medidor 2 - L9","Potencia activa L3","W",465.3337895329208,18.3927,2787.2686,"2025-02-04T03:30:46.174Z",180.4573
"Medidor 2 - L9","Potencia activa L3","W",465.3337895329208,18.3927,2787.2686,"2025-02-04T03:31:46.336Z",180.5432
"Medidor 2 - L9","Potencia activa L3","W",465.3337895329208,18.3927,2787.2686,"2025-02-04T03:32:46.426Z",182.769
"Medidor 2 - L9","Potencia activa L3","W",465.3337895329208,18.3927,2787.2686,"2025-02-04T03:33:46.510Z",178.3755
"Medidor 2 - L9","Potencia activa L3","W",465.3337895329208,18.3927,2787.2686,"2025-02-04T03:34:46.571Z",191.3119
"Medidor 2 - L9","Potencia activa L3","W",465.3337895329208,18.3927,2787.2686,"2025-02-04T03:35:46.625Z",182.7282
"Medidor 2 - L9","Potencia activa L3","W",465.3337895329208,18.3927,2787.2686,"2025-02-04T03:36:46.769Z",181.6746
"Medidor 2 - L9","Potencia activa L3","W",465.3337895329208,18.3927,2787.2686,"2025-02-04T03:37:46.808Z",189.101
"Medidor 2 - L9","Potencia activa L3","W",465.3337895329208,18.3927,2787.2686,"2025-02-04T03:38:46.892Z",189.5886
"Medidor 2 - L9","Potencia activa L3","W",465.3337895329208,18.3927,2787.2686,"2025-02-04T03:39:46.906Z",183.4729
"Medidor 2 - L9","Potencia activa L3","W",465.3337895329208,18.3927,2787.2686,"2025-02-04T03:40:47.094Z",182.6625
"Medidor 2 - L9","Potencia activa L3","W",465.3337895329208,18.3927,2787.2686,"2025-02-04T03:41:47.183Z",185.2567
"Medidor 2 - L9","Potencia activa L3","W",465.3337895329208,18.3927,2787.2686,"2025-02-04T03:42:47.263Z",187.03
"Medidor 2 - L9","Potencia activa L3","W",465.3337895329208,18.3927,2787.2686,"2025-02-04T03:43:47.353Z",186.7064
"Medidor 2 - L9","Potencia activa L3","W",465.3337895329208,18.3927,2787.2686,"2025-02-04T03:44:47.439Z",195.0942
"Medidor 2 - L9","Potencia activa L3","W",465.3337895329208,18.3927,2787.2686,"2025-02-04T03:45:47.524Z",181.9911
"Medidor 2 - L9","Potencia activa L3","W",465.3337895329208,18.3927,2787.2686,"2025-02-04T03:46:47.641Z",181.3587
"Medidor 2 - L9","Potencia activa L3","W",465.3337895329208,18.3927,2787.2686,"2025-02-04T03:47:47.659Z",181.2556
"Medidor 2 - L9","Potencia activa L3","W",465.3337895329208,18.3927,2787.2686,"2025-02-04T03:48:47.770Z",181.3009
"Medidor 2 - L9","Potencia activa L3","W",465.3337895329208,18.3927,2787.2686,"2025-02-04T03:49:47.774Z",183.0051
"Medidor 2 - L9","Potencia activa L3","W",465.3337895329208,18.3927,2787.2686,"2025-02-04T03:50:47.882Z",406.9806
"Medidor 2 - L9","Potencia activa L3","W",465.3337895329208,18.3927,2787.2686,"2025-02-04T03:51:48.005Z",406.6157
"Medidor 2 - L9","Potencia activa L3","W",465.3337895329208,18.3927,2787.2686,"2025-02-04T03:52:48.103Z",182.1427
"Medidor 2 - L9","Potencia activa L3","W",465.3337895329208,18.3927,2787.2686,"2025-02-04T03:53:48.201Z",183.8056
"Medidor 2 - L9","Potencia activa L3","W",465.3337895329208,18.3927,2787.2686,"2025-02-04T03:54:48.231Z",182.6886
"Medidor 2 - L9","Potencia activa L3","W",465.3337895329208,18.3927,2787.2686,"2025-02-04T03:55:48.367Z",181.0459
"Medidor 2 - L9","Potencia activa L3","W",465.3337895329208,18.3927,2787.2686,"2025-02-04T03:56:48.488Z",183.8703
"Medidor 2 - L9","Potencia activa L3","W",465.3337895329208,18.3927,2787.2686,"2025-02-04T03:57:48.607Z",183.9563
"Medidor 2 - L9","Potencia activa L3","W",465.3337895329208,18.3927,2787.2686,"2025-02-04T03:58:48.638Z",184.1039
"Medidor 2 - L9","Potencia activa L3","W",465.3337895329208,18.3927,2787.2686,"2025-02-04T03:59:48.691Z",179.6583
"Medidor 2 - L9","Potencia activa L3","W",465.3337895329208,18.3927,2787.2686,"2025-02-04T04:00:48.821Z",188.9436
"Medidor 2 - L9","Potencia activa L3","W",465.3337895329208,18.3927,2787.2686,"2025-02-04T04:01:48.896Z",189.4993
"Medidor 2 - L9","Potencia activa L3","W",465.3337895329208,18.3927,2787.2686,"2025-02-04T04:02:48.962Z",180.3543
"Medidor 2 - L9","Potencia activa L3","W",465.3337895329208,18.3927,2787.2686,"2025-02-04T04:03:49.058Z",185.0764
"Medidor 2 - L9","Potencia activa L3","W",465.3337895329208,18.3927,2787.2686,"2025-02-04T04:04:49.097Z",197.7153
"Medidor 2 - L9","Potencia activa L3","W",465.3337895329208,18.3927,2787.2686,"2025-02-04T04:05:49.221Z",197.6906
"Medidor 2 - L9","Potencia activa L3","W",465.3337895329208,18.3927,2787.2686,"2025-02-04T04:06:49.306Z",194.4892
"Medidor 2 - L9","Potencia activa L3","W",465.3337895329208,18.3927,2787.2686,"2025-02-04T04:07:49.360Z",188.0645
"Medidor 2 - L9","Potencia activa L3","W",465.3337895329208,18.3927,2787.2686,"2025-02-04T04:08:49.438Z",183.0641
"Medidor 2 - L9","Potencia activa L3","W",465.3337895329208,18.3927,2787.2686,"2025-02-04T04:09:49.490Z",190.8927
"Medidor 2 - L9","Potencia activa L3","W",465.3337895329208,18.3927,2787.2686,"2025-02-04T04:10:49.596Z",188.278
"Medidor 2 - L9","Potencia activa L3","W",465.3337895329208,18.3927,2787.2686,"2025-02-04T04:11:49.709Z",185.6951
"Medidor 2 - L9","Potencia activa L3","W",465.3337895329208,18.3927,2787.2686,"2025-02-04T04:12:49.755Z",185.7304
"Medidor 2 - L9","Potencia activa L3","W",465.3337895329208,18.3927,2787.2686,"2025-02-04T04:13:49.807Z",186.3973
"Medidor 2 - L9","Potencia activa L3","W",465.3337895329208,18.3927,2787.2686,"2025-02-04T04:14:49.917Z",178.5546
"Medidor 2 - L9","Potencia activa L3","W",465.3337895329208,18.3927,2787.2686,"2025-02-04T04:15:50.017Z",180.606
"Medidor 2 - L9","Potencia activa L3","W",465.3337895329208,18.3927,2787.2686,"2025-02-04T04:16:50.071Z",179.8311
"Medidor 2 - L9","Potencia activa L3","W",465.3337895329208,18.3927,2787.2686,"2025-02-04T04:17:50.206Z",177.766
"Medidor 2 - L9","Potencia activa L3","W",465.3337895329208,18.3927,2787.2686,"2025-02-04T04:18:50.185Z",181.2391
"Medidor 2 - L9","Potencia activa L3","W",465.3337895329208,18.3927,2787.2686,"2025-02-04T04:19:50.263Z",181.1055
"Medidor 2 - L9","Potencia activa L3","W",465.3337895329208,18.3927,2787.2686,"2025-02-04T04:20:50.339Z",176.4679
"Medidor 2 - L9","Potencia activa L3","W",465.3337895329208,18.3927,2787.2686,"2025-02-04T04:21:50.478Z",188.6861
"Medidor 2 - L9","Potencia activa L3","W",465.3337895329208,18.3927,2787.2686,"2025-02-04T04:22:50.588Z",181.2415
"Medidor 2 - L9","Potencia activa L3","W",465.3337895329208,18.3927,2787.2686,"2025-02-04T04:23:50.636Z",175.0272
"Medidor 2 - L9","Potencia activa L3","W",465.3337895329208,18.3927,2787.2686,"2025-02-04T04:24:50.703Z",179.7838
"Medidor 2 - L9","Potencia activa L3","W",465.3337895329208,18.3927,2787.2686,"2025-02-04T04:25:50.768Z",184.3852
"Medidor 2 - L9","Potencia activa L3","W",465.3337895329208,18.3927,2787.2686,"2025-02-04T04:26:50.934Z",199.5482
"Medidor 2 - L9","Potencia activa L3","W",465.3337895329208,18.3927,2787.2686,"2025-02-04T04:27:50.914Z",416.4852
"Medidor 2 - L9","Potencia activa L3","W",465.3337895329208,18.3927,2787.2686,"2025-02-04T04:28:51.037Z",417.3373
"Medidor 2 - L9","Potencia activa L3","W",465.3337895329208,18.3927,2787.2686,"2025-02-04T04:29:51.137Z",188.9617
"Medidor 2 - L9","Potencia activa L3","W",465.3337895329208,18.3927,2787.2686,"2025-02-04T04:30:51.167Z",187.5647
"Medidor 2 - L9","Potencia activa L3","W",465.3337895329208,18.3927,2787.2686,"2025-02-04T04:31:51.227Z",180.3344
"Medidor 2 - L9","Potencia activa L3","W",465.3337895329208,18.3927,2787.2686,"2025-02-04T04:32:51.347Z",180.6082
"Medidor 2 - L9","Potencia activa L3","W",465.3337895329208,18.3927,2787.2686,"2025-02-04T04:33:51.378Z",188.3792
"Medidor 2 - L9","Potencia activa L3","W",465.3337895329208,18.3927,2787.2686,"2025-02-04T04:34:51.528Z",183.5694
"Medidor 2 - L9","Potencia activa L3","W",465.3337895329208,18.3927,2787.2686,"2025-02-04T04:35:51.615Z",183.3053
"Medidor 2 - L9","Potencia activa L3","W",465.3337895329208,18.3927,2787.2686,"2025-02-04T04:36:51.702Z",188.4872
"Medidor 2 - L9","Potencia activa L3","W",465.3337895329208,18.3927,2787.2686,"2025-02-04T04:37:51.808Z",183.9661
"Medidor 2 - L9","Potencia activa L3","W",465.3337895329208,18.3927,2787.2686,"2025-02-04T04:38:51.874Z",183.9754
"Medidor 2 - L9","Potencia activa L3","W",465.3337895329208,18.3927,2787.2686,"2025-02-04T04:39:52.006Z",185.7274
"Medidor 2 - L9","Potencia activa L3","W",465.3337895329208,18.3927,2787.2686,"2025-02-04T04:40:52.151Z",183.4285
"Medidor 2 - L9","Potencia activa L3","W",465.3337895329208,18.3927,2787.2686,"2025-02-04T04:41:52.202Z",182.1984
"Medidor 2 - L9","Potencia activa L3","W",465.3337895329208,18.3927,2787.2686,"2025-02-04T04:42:52.278Z",177.8437
"Medidor 2 - L9","Potencia activa L3","W",465.3337895329208,18.3927,2787.2686,"2025-02-04T04:43:52.365Z",181.823
"Medidor 2 - L9","Potencia activa L3","W",465.3337895329208,18.3927,2787.2686,"2025-02-04T04:44:52.474Z",180.4326
"Medidor 2 - L9","Potencia activa L3","W",465.3337895329208,18.3927,2787.2686,"2025-02-04T04:45:52.528Z",179.2946
"Medidor 2 - L9","Potencia activa L3","W",465.3337895329208,18.3927,2787.2686,"2025-02-04T04:46:52.680Z",175.3563
"Medidor 2 - L9","Potencia activa L3","W",465.3337895329208,18.3927,2787.2686,"2025-02-04T04:47:52.769Z",189.2014
"Medidor 2 - L9","Potencia activa L3","W",465.3337895329208,18.3927,2787.2686,"2025-02-04T04:48:52.839Z",196.5625
"Medidor 2 - L9","Potencia activa L3","W",465.3337895329208,18.3927,2787.2686,"2025-02-04T04:49:52.928Z",194.3443
"Medidor 2 - L9","Potencia activa L3","W",465.3337895329208,18.3927,2787.2686,"2025-02-04T04:50:53.021Z",185.3295
"Medidor 2 - L9","Potencia activa L3","W",465.3337895329208,18.3927,2787.2686,"2025-02-04T04:51:53.089Z",184.249
"Medidor 2 - L9","Potencia activa L3","W",465.3337895329208,18.3927,2787.2686,"2025-02-04T04:52:53.174Z",196.789
"Medidor 2 - L9","Potencia activa L3","W",465.3337895329208,18.3927,2787.2686,"2025-02-04T04:53:53.346Z",191.9944
"Medidor 2 - L9","Potencia activa L3","W",465.3337895329208,18.3927,2787.2686,"2025-02-04T04:54:53.428Z",190.1285
"Medidor 2 - L9","Potencia activa L3","W",465.3337895329208,18.3927,2787.2686,"2025-02-04T04:55:53.559Z",189.4748
"Medidor 2 - L9","Potencia activa L3","W",465.3337895329208,18.3927,2787.2686,"2025-02-04T04:56:53.628Z",179.4994
"Medidor 2 - L9","Potencia activa L3","W",465.3337895329208,18.3927,2787.2686,"2025-02-04T04:57:53.684Z",185.8048
"Medidor 2 - L9","Potencia activa L3","W",465.3337895329208,18.3927,2787.2686,"2025-02-04T04:58:53.735Z",191.1877
"Medidor 2 - L9","Potencia activa L3","W",465.3337895329208,18.3927,2787.2686,"2025-02-04T04:59:53.866Z",179.9524
"Medidor 2 - L9","Potencia activa L3","W",465.3337895329208,18.3927,2787.2686,"2025-02-04T05:00:53.968Z",181.0772
"Medidor 2 - L9","Potencia activa L3","W",465.3337895329208,18.3927,2787.2686,"2025-02-04T05:01:54.067Z",185.0553
"Medidor 2 - L9","Potencia activa L3","W",465.3337895329208,18.3927,2787.2686,"2025-02-04T05:02:54.172Z",182.1419
"Medidor 2 - L9","Potencia activa L3","W",465.3337895329208,18.3927,2787.2686,"2025-02-04T05:03:54.221Z",180.5327
"Medidor 2 - L9","Potencia activa L3","W",465.3337895329208,18.3927,2787.2686,"2025-02-04T05:04:54.274Z",416.263
"Medidor 2 - L9","Potencia activa L3","W",465.3337895329208,18.3927,2787.2686,"2025-02-04T05:05:54.358Z",415.2514
"Medidor 2 - L9","Potencia activa L3","W",465.3337895329208,18.3927,2787.2686,"2025-02-04T05:06:54.805Z",184.4235
"Medidor 2 - L9","Potencia activa L3","W",465.3337895329208,18.3927,2787.2686,"2025-02-04T05:07:54.577Z",182.7758
"Medidor 2 - L9","Potencia activa L3","W",465.3337895329208,18.3927,2787.2686,"2025-02-04T05:08:54.651Z",189.7112
"Medidor 2 - L9","Potencia activa L3","W",465.3337895329208,18.3927,2787.2686,"2025-02-04T05:09:54.744Z",202.7744
"Medidor 2 - L9","Potencia activa L3","W",465.3337895329208,18.3927,2787.2686,"2025-02-04T05:10:54.835Z",229.8941
"Medidor 2 - L9","Potencia activa L3","W",465.3337895329208,18.3927,2787.2686,"2025-02-04T05:11:54.923Z",225.9137
"Medidor 2 - L9","Potencia activa L3","W",465.3337895329208,18.3927,2787.2686,"2025-02-04T05:12:55.025Z",229.772
"Medidor 2 - L9","Potencia activa L3","W",465.3337895329208,18.3927,2787.2686,"2025-02-04T05:13:55.006Z",225.1887
"Medidor 2 - L9","Potencia activa L3","W",465.3337895329208,18.3927,2787.2686,"2025-02-04T05:14:55.111Z",228.5881
"Medidor 2 - L9","Potencia activa L3","W",465.3337895329208,18.3927,2787.2686,"2025-02-04T05:15:55.162Z",225.1796
"Medidor 2 - L9","Potencia activa L3","W",465.3337895329208,18.3927,2787.2686,"2025-02-04T05:16:55.276Z",225.949
"Medidor 2 - L9","Potencia activa L3","W",465.3337895329208,18.3927,2787.2686,"2025-02-04T05:17:55.374Z",234.7111
"Medidor 2 - L9","Potencia activa L3","W",465.3337895329208,18.3927,2787.2686,"2025-02-04T05:18:55.449Z",222.0351
"Medidor 2 - L9","Potencia activa L3","W",465.3337895329208,18.3927,2787.2686,"2025-02-04T05:19:55.513Z",219.4733
"Medidor 2 - L9","Potencia activa L3","W",465.3337895329208,18.3927,2787.2686,"2025-02-04T05:20:55.622Z",222.8342
"Medidor 2 - L9","Potencia activa L3","W",465.3337895329208,18.3927,2787.2686,"2025-02-04T05:21:55.655Z",221.6676
"Medidor 2 - L9","Potencia activa L3","W",465.3337895329208,18.3927,2787.2686,"2025-02-04T05:22:55.766Z",223.4513
"Medidor 2 - L9","Potencia activa L3","W",465.3337895329208,18.3927,2787.2686,"2025-02-04T05:23:55.803Z",220.0848
"Medidor 2 - L9","Potencia activa L3","W",465.3337895329208,18.3927,2787.2686,"2025-02-04T05:24:55.956Z",221.5165
"Medidor 2 - L9","Potencia activa L3","W",465.3337895329208,18.3927,2787.2686,"2025-02-04T05:25:56.044Z",225.2073
"Medidor 2 - L9","Potencia activa L3","W",465.3337895329208,18.3927,2787.2686,"2025-02-04T05:26:56.095Z",228.5207
"Medidor 2 - L9","Potencia activa L3","W",465.3337895329208,18.3927,2787.2686,"2025-02-04T05:27:56.183Z",229.6324
"Medidor 2 - L9","Potencia activa L3","W",465.3337895329208,18.3927,2787.2686,"2025-02-04T05:28:56.228Z",226.5243
"Medidor 2 - L9","Potencia activa L3","W",465.3337895329208,18.3927,2787.2686,"2025-02-04T05:29:56.458Z",220.6372
"Medidor 2 - L9","Potencia activa L3","W",465.3337895329208,18.3927,2787.2686,"2025-02-04T05:30:56.508Z",219.3533
"Medidor 2 - L9","Potencia activa L3","W",465.3337895329208,18.3927,2787.2686,"2025-02-04T05:31:56.593Z",236.2343
"Medidor 2 - L9","Potencia activa L3","W",465.3337895329208,18.3927,2787.2686,"2025-02-04T05:32:56.710Z",232.6594
"Medidor 2 - L9","Potencia activa L3","W",465.3337895329208,18.3927,2787.2686,"2025-02-04T05:33:56.828Z",229.9565
"Medidor 2 - L9","Potencia activa L3","W",465.3337895329208,18.3927,2787.2686,"2025-02-04T05:34:56.851Z",221.3326
"Medidor 2 - L9","Potencia activa L3","W",465.3337895329208,18.3927,2787.2686,"2025-02-04T05:35:56.936Z",225.608
"Medidor 2 - L9","Potencia activa L3","W",465.3337895329208,18.3927,2787.2686,"2025-02-04T05:36:57.051Z",226.526
"Medidor 2 - L9","Potencia activa L3","W",465.3337895329208,18.3927,2787.2686,"2025-02-04T05:37:57.087Z",223.8426
"Medidor 2 - L9","Potencia activa L3","W",465.3337895329208,18.3927,2787.2686,"2025-02-04T05:38:57.123Z",225.1884
"Medidor 2 - L9","Potencia activa L3","W",465.3337895329208,18.3927,2787.2686,"2025-02-04T05:39:57.253Z",226.6593
"Medidor 2 - L9","Potencia activa L3","W",465.3337895329208,18.3927,2787.2686,"2025-02-04T05:40:57.351Z",225.0271
"Medidor 2 - L9","Potencia activa L3","W",465.3337895329208,18.3927,2787.2686,"2025-02-04T05:41:57.416Z",220.4971
"Medidor 2 - L9","Potencia activa L3","W",465.3337895329208,18.3927,2787.2686,"2025-02-04T05:42:57.524Z",456.2883
"Medidor 2 - L9","Potencia activa L3","W",465.3337895329208,18.3927,2787.2686,"2025-02-04T05:43:57.638Z",456.9406
"Medidor 2 - L9","Potencia activa L3","W",465.3337895329208,18.3927,2787.2686,"2025-02-04T05:44:57.715Z",224.1502
"Medidor 2 - L9","Potencia activa L3","W",465.3337895329208,18.3927,2787.2686,"2025-02-04T05:45:57.801Z",219.0888
"Medidor 2 - L9","Potencia activa L3","W",465.3337895329208,18.3927,2787.2686,"2025-02-04T05:46:57.943Z",222.3897
"Medidor 2 - L9","Potencia activa L3","W",465.3337895329208,18.3927,2787.2686,"2025-02-04T05:47:58.017Z",229.5629
"Medidor 2 - L9","Potencia activa L3","W",465.3337895329208,18.3927,2787.2686,"2025-02-04T05:48:58.118Z",235.8013
"Medidor 2 - L9","Potencia activa L3","W",465.3337895329208,18.3927,2787.2686,"2025-02-04T05:49:58.234Z",226.4295
"Medidor 2 - L9","Potencia activa L3","W",465.3337895329208,18.3927,2787.2686,"2025-02-04T05:50:58.277Z",228.1666
"Medidor 2 - L9","Potencia activa L3","W",465.3337895329208,18.3927,2787.2686,"2025-02-04T05:51:58.376Z",223.9713
"Medidor 2 - L9","Potencia activa L3","W",465.3337895329208,18.3927,2787.2686,"2025-02-04T05:52:58.456Z",223.6882
"Medidor 2 - L9","Potencia activa L3","W",465.3337895329208,18.3927,2787.2686,"2025-02-04T05:53:58.570Z",229.2009
"Medidor 2 - L9","Potencia activa L3","W",465.3337895329208,18.3927,2787.2686,"2025-02-04T05:54:58.670Z",233.7194
"Medidor 2 - L9","Potencia activa L3","W",465.3337895329208,18.3927,2787.2686,"2025-02-04T05:55:58.701Z",229.636
"Medidor 2 - L9","Potencia activa L3","W",465.3337895329208,18.3927,2787.2686,"2025-02-04T05:56:58.880Z",218.2096
"Medidor 2 - L9","Potencia activa L3","W",465.3337895329208,18.3927,2787.2686,"2025-02-04T05:57:58.959Z",221.3692
"Medidor 2 - L9","Potencia activa L3","W",465.3337895329208,18.3927,2787.2686,"2025-02-04T05:58:59.064Z",224.2531
"Medidor 2 - L9","Potencia activa L3","W",465.3337895329208,18.3927,2787.2686,"2025-02-04T05:59:59.136Z",222.4154
"Medidor 2 - L9","Potencia activa L3","W",465.3337895329208,18.3927,2787.2686,"2025-02-04T06:00:59.232Z",231.7126
"Medidor 2 - L9","Potencia activa L3","W",465.3337895329208,18.3927,2787.2686,"2025-02-04T06:01:59.331Z",224.7264
"Medidor 2 - L9","Potencia activa L3","W",465.3337895329208,18.3927,2787.2686,"2025-02-04T06:02:59.473Z",224.2487
"Medidor 2 - L9","Potencia activa L3","W",465.3337895329208,18.3927,2787.2686,"2025-02-04T06:03:59.569Z",227.1426
"Medidor 2 - L9","Potencia activa L3","W",465.3337895329208,18.3927,2787.2686,"2025-02-04T06:04:59.674Z",223.4882
"Medidor 2 - L9","Potencia activa L3","W",465.3337895329208,18.3927,2787.2686,"2025-02-04T06:05:59.734Z",229.5507
"Medidor 2 - L9","Potencia activa L3","W",465.3337895329208,18.3927,2787.2686,"2025-02-04T06:06:59.837Z",225.145
"Medidor 2 - L9","Potencia activa L3","W",465.3337895329208,18.3927,2787.2686,"2025-02-04T06:07:59.886Z",225.5035
"Medidor 2 - L9","Potencia activa L3","W",465.3337895329208,18.3927,2787.2686,"2025-02-04T06:08:59.932Z",224.7506
"Medidor 2 - L9","Potencia activa L3","W",465.3337895329208,18.3927,2787.2686,"2025-02-04T06:10:00.062Z",222.5179
"Medidor 2 - L9","Potencia activa L3","W",465.3337895329208,18.3927,2787.2686,"2025-02-04T06:11:00.129Z",217.8935
"Medidor 2 - L9","Potencia activa L3","W",465.3337895329208,18.3927,2787.2686,"2025-02-04T06:12:00.266Z",226.3207
"Medidor 2 - L9","Potencia activa L3","W",465.3337895329208,18.3927,2787.2686,"2025-02-04T06:13:00.317Z",222.6841
"Medidor 2 - L9","Potencia activa L3","W",465.3337895329208,18.3927,2787.2686,"2025-02-04T06:14:00.377Z",222.0929
"Medidor 2 - L9","Potencia activa L3","W",465.3337895329208,18.3927,2787.2686,"2025-02-04T06:15:00.464Z",218.4384
"Medidor 2 - L9","Potencia activa L3","W",465.3337895329208,18.3927,2787.2686,"2025-02-04T06:16:00.541Z",232.3514
"Medidor 2 - L9","Potencia activa L3","W",465.3337895329208,18.3927,2787.2686,"2025-02-04T06:17:00.541Z",233.351
"Medidor 2 - L9","Potencia activa L3","W",465.3337895329208,18.3927,2787.2686,"2025-02-04T06:18:00.651Z",246.5817
"Medidor 2 - L9","Potencia activa L3","W",465.3337895329208,18.3927,2787.2686,"2025-02-04T06:19:00.773Z",229.8338
"Medidor 2 - L9","Potencia activa L3","W",465.3337895329208,18.3927,2787.2686,"2025-02-04T06:20:00.804Z",223.8048
"Medidor 2 - L9","Potencia activa L3","W",465.3337895329208,18.3927,2787.2686,"2025-02-04T06:21:00.845Z",219.1872
"Medidor 2 - L9","Potencia activa L3","W",465.3337895329208,18.3927,2787.2686,"2025-02-04T06:22:00.987Z",456.2479
"Medidor 2 - L9","Potencia activa L3","W",465.3337895329208,18.3927,2787.2686,"2025-02-04T06:23:01.116Z",458.8842
"Medidor 2 - L9","Potencia activa L3","W",465.3337895329208,18.3927,2787.2686,"2025-02-04T06:24:01.142Z",220.6496
"Medidor 2 - L9","Potencia activa L3","W",465.3337895329208,18.3927,2787.2686,"2025-02-04T06:25:01.162Z",218.7668
"Medidor 2 - L9","Potencia activa L3","W",465.3337895329208,18.3927,2787.2686,"2025-02-04T06:26:01.317Z",226.0535
"Medidor 2 - L9","Potencia activa L3","W",465.3337895329208,18.3927,2787.2686,"2025-02-04T06:27:01.368Z",220.8605
"Medidor 2 - L9","Potencia activa L3","W",465.3337895329208,18.3927,2787.2686,"2025-02-04T06:28:01.481Z",218.3165
"Medidor 2 - L9","Potencia activa L3","W",465.3337895329208,18.3927,2787.2686,"2025-02-04T06:29:01.517Z",218.6353
"Medidor 2 - L9","Potencia activa L3","W",465.3337895329208,18.3927,2787.2686,"2025-02-04T06:30:01.559Z",217.9854
"Medidor 2 - L9","Potencia activa L3","W",465.3337895329208,18.3927,2787.2686,"2025-02-04T06:31:01.625Z",179.7564
"Medidor 2 - L9","Potencia activa L3","W",465.3337895329208,18.3927,2787.2686,"2025-02-04T06:32:01.754Z",175.4353
"Medidor 2 - L9","Potencia activa L3","W",465.3337895329208,18.3927,2787.2686,"2025-02-04T06:33:01.737Z",180.1213
"Medidor 2 - L9","Potencia activa L3","W",465.3337895329208,18.3927,2787.2686,"2025-02-04T06:34:01.888Z",182.4596
"Medidor 2 - L9","Potencia activa L3","W",465.3337895329208,18.3927,2787.2686,"2025-02-04T06:35:01.932Z",189.5886
"Medidor 2 - L9","Potencia activa L3","W",465.3337895329208,18.3927,2787.2686,"2025-02-04T06:36:01.944Z",180.5542
"Medidor 2 - L9","Potencia activa L3","W",465.3337895329208,18.3927,2787.2686,"2025-02-04T06:37:02.035Z",190.676
"Medidor 2 - L9","Potencia activa L3","W",465.3337895329208,18.3927,2787.2686,"2025-02-04T06:38:02.128Z",191.8933
"Medidor 2 - L9","Potencia activa L3","W",465.3337895329208,18.3927,2787.2686,"2025-02-04T06:39:02.261Z",202.6579
"Medidor 2 - L9","Potencia activa L3","W",465.3337895329208,18.3927,2787.2686,"2025-02-04T06:40:02.283Z",194.8931
"Medidor 2 - L9","Potencia activa L3","W",465.3337895329208,18.3927,2787.2686,"2025-02-04T06:41:02.376Z",191.1337
"Medidor 2 - L9","Potencia activa L3","W",465.3337895329208,18.3927,2787.2686,"2025-02-04T06:42:02.458Z",182.4825
"Medidor 2 - L9","Potencia activa L3","W",465.3337895329208,18.3927,2787.2686,"2025-02-04T06:43:02.557Z",186.1211
"Medidor 2 - L9","Potencia activa L3","W",465.3337895329208,18.3927,2787.2686,"2025-02-04T06:44:02.681Z",184.3129
"Medidor 2 - L9","Potencia activa L3","W",465.3337895329208,18.3927,2787.2686,"2025-02-04T06:45:02.698Z",181.1496
"Medidor 2 - L9","Potencia activa L3","W",465.3337895329208,18.3927,2787.2686,"2025-02-04T06:46:02.749Z",179.4346
"Medidor 2 - L9","Potencia activa L3","W",465.3337895329208,18.3927,2787.2686,"2025-02-04T06:47:02.847Z",190.6801
"Medidor 2 - L9","Potencia activa L3","W",465.3337895329208,18.3927,2787.2686,"2025-02-04T06:48:02.955Z",182.7223
"Medidor 2 - L9","Potencia activa L3","W",465.3337895329208,18.3927,2787.2686,"2025-02-04T06:49:03.062Z",184.2602
"Medidor 2 - L9","Potencia activa L3","W",465.3337895329208,18.3927,2787.2686,"2025-02-04T06:50:03.153Z",194.2202
"Medidor 2 - L9","Potencia activa L3","W",465.3337895329208,18.3927,2787.2686,"2025-02-04T06:51:03.160Z",189.3416
"Medidor 2 - L9","Potencia activa L3","W",465.3337895329208,18.3927,2787.2686,"2025-02-04T06:52:03.281Z",190.8414
"Medidor 2 - L9","Potencia activa L3","W",465.3337895329208,18.3927,2787.2686,"2025-02-04T06:53:03.321Z",186.207
"Medidor 2 - L9","Potencia activa L3","W",465.3337895329208,18.3927,2787.2686,"2025-02-04T06:54:03.390Z",185.9585
"Medidor 2 - L9","Potencia activa L3","W",465.3337895329208,18.3927,2787.2686,"2025-02-04T06:55:03.485Z",184.1148
"Medidor 2 - L9","Potencia activa L3","W",465.3337895329208,18.3927,2787.2686,"2025-02-04T06:56:03.560Z",186.2929
"Medidor 2 - L9","Potencia activa L3","W",465.3337895329208,18.3927,2787.2686,"2025-02-04T06:57:03.694Z",182.8565
"Medidor 2 - L9","Potencia activa L3","W",465.3337895329208,18.3927,2787.2686,"2025-02-04T06:58:03.823Z",177.4502
"Medidor 2 - L9","Potencia activa L3","W",465.3337895329208,18.3927,2787.2686,"2025-02-04T06:59:03.851Z",182.3583
"Medidor 2 - L9","Potencia activa L3","W",465.3337895329208,18.3927,2787.2686,"2025-02-04T07:00:04.018Z",419.2174
"Medidor 2 - L9","Potencia activa L3","W",465.3337895329208,18.3927,2787.2686,"2025-02-04T07:01:04.114Z",425.3673
"Medidor 2 - L9","Potencia activa L3","W",465.3337895329208,18.3927,2787.2686,"2025-02-04T07:02:04.200Z",185.5507
"Medidor 2 - L9","Potencia activa L3","W",465.3337895329208,18.3927,2787.2686,"2025-02-04T07:03:04.265Z",189.0888
"Medidor 2 - L9","Potencia activa L3","W",465.3337895329208,18.3927,2787.2686,"2025-02-04T07:04:04.285Z",180.7163
"Medidor 2 - L9","Potencia activa L3","W",465.3337895329208,18.3927,2787.2686,"2025-02-04T07:05:04.418Z",182.5975
"Medidor 2 - L9","Potencia activa L3","W",465.3337895329208,18.3927,2787.2686,"2025-02-04T07:06:04.484Z",179.9467
"Medidor 2 - L9","Potencia activa L3","W",465.3337895329208,18.3927,2787.2686,"2025-02-04T07:07:04.611Z",184.0727
"Medidor 2 - L9","Potencia activa L3","W",465.3337895329208,18.3927,2787.2686,"2025-02-04T07:08:04.657Z",184.1602
"Medidor 2 - L9","Potencia activa L3","W",465.3337895329208,18.3927,2787.2686,"2025-02-04T07:09:04.801Z",179.1827
"Medidor 2 - L9","Potencia activa L3","W",465.3337895329208,18.3927,2787.2686,"2025-02-04T07:10:04.846Z",191.2426
"Medidor 2 - L9","Potencia activa L3","W",465.3337895329208,18.3927,2787.2686,"2025-02-04T07:11:04.920Z",184.9789
"Medidor 2 - L9","Potencia activa L3","W",465.3337895329208,18.3927,2787.2686,"2025-02-04T07:12:04.948Z",190.1081
"Medidor 2 - L9","Potencia activa L3","W",465.3337895329208,18.3927,2787.2686,"2025-02-04T07:13:05.058Z",183.8413
"Medidor 2 - L9","Potencia activa L3","W",465.3337895329208,18.3927,2787.2686,"2025-02-04T07:14:05.104Z",185.046
"Medidor 2 - L9","Potencia activa L3","W",465.3337895329208,18.3927,2787.2686,"2025-02-04T07:15:05.185Z",181.9671
"Medidor 2 - L9","Potencia activa L3","W",465.3337895329208,18.3927,2787.2686,"2025-02-04T07:16:05.250Z",181.8937
"Medidor 2 - L9","Potencia activa L3","W",465.3337895329208,18.3927,2787.2686,"2025-02-04T07:17:05.347Z",185.7803
"Medidor 2 - L9","Potencia activa L3","W",465.3337895329208,18.3927,2787.2686,"2025-02-04T07:18:05.439Z",181.1004
"Medidor 2 - L9","Potencia activa L3","W",465.3337895329208,18.3927,2787.2686,"2025-02-04T07:19:05.497Z",185.4289
"Medidor 2 - L9","Potencia activa L3","W",465.3337895329208,18.3927,2787.2686,"2025-02-04T07:20:05.563Z",184.3037
"Medidor 2 - L9","Potencia activa L3","W",465.3337895329208,18.3927,2787.2686,"2025-02-04T07:21:05.661Z",180.7755
"Medidor 2 - L9","Potencia activa L3","W",465.3337895329208,18.3927,2787.2686,"2025-02-04T07:22:05.731Z",193.5107
"Medidor 2 - L9","Potencia activa L3","W",465.3337895329208,18.3927,2787.2686,"2025-02-04T07:23:05.791Z",187.459
"Medidor 2 - L9","Potencia activa L3","W",465.3337895329208,18.3927,2787.2686,"2025-02-04T07:24:05.879Z",196.6041
"Medidor 2 - L9","Potencia activa L3","W",465.3337895329208,18.3927,2787.2686,"2025-02-04T07:25:06.010Z",193.8496
"Medidor 2 - L9","Potencia activa L3","W",465.3337895329208,18.3927,2787.2686,"2025-02-04T07:26:06.046Z",187.0696
"Medidor 2 - L9","Potencia activa L3","W",465.3337895329208,18.3927,2787.2686,"2025-02-04T07:27:06.177Z",192.9972
"Medidor 2 - L9","Potencia activa L3","W",465.3337895329208,18.3927,2787.2686,"2025-02-04T07:28:06.268Z",192.1726
"Medidor 2 - L9","Potencia activa L3","W",465.3337895329208,18.3927,2787.2686,"2025-02-04T07:29:06.296Z",185.6061
"Medidor 2 - L9","Potencia activa L3","W",465.3337895329208,18.3927,2787.2686,"2025-02-04T07:30:06.378Z",191.9302
"Medidor 2 - L9","Potencia activa L3","W",465.3337895329208,18.3927,2787.2686,"2025-02-04T07:31:06.469Z",195.1178
"Medidor 2 - L9","Potencia activa L3","W",465.3337895329208,18.3927,2787.2686,"2025-02-04T07:32:06.567Z",190.8401
"Medidor 2 - L9","Potencia activa L3","W",465.3337895329208,18.3927,2787.2686,"2025-02-04T07:33:06.673Z",189.6233
"Medidor 2 - L9","Potencia activa L3","W",465.3337895329208,18.3927,2787.2686,"2025-02-04T07:34:06.692Z",191.3749
"Medidor 2 - L9","Potencia activa L3","W",465.3337895329208,18.3927,2787.2686,"2025-02-04T07:35:06.740Z",186.1544
"Medidor 2 - L9","Potencia activa L3","W",465.3337895329208,18.3927,2787.2686,"2025-02-04T07:36:06.891Z",186.6911
"Medidor 2 - L9","Potencia activa L3","W",465.3337895329208,18.3927,2787.2686,"2025-02-04T07:37:07.002Z",418.4224
"Medidor 2 - L9","Potencia activa L3","W",465.3337895329208,18.3927,2787.2686,"2025-02-04T07:38:07.055Z",425.5258
"Medidor 2 - L9","Potencia activa L3","W",465.3337895329208,18.3927,2787.2686,"2025-02-04T07:39:07.059Z",190.5216
"Medidor 2 - L9","Potencia activa L3","W",465.3337895329208,18.3927,2787.2686,"2025-02-04T07:40:07.220Z",185.9111
"Medidor 2 - L9","Potencia activa L3","W",465.3337895329208,18.3927,2787.2686,"2025-02-04T07:41:07.317Z",185.4978
"Medidor 2 - L9","Potencia activa L3","W",465.3337895329208,18.3927,2787.2686,"2025-02-04T07:42:07.408Z",190.5184
"Medidor 2 - L9","Potencia activa L3","W",465.3337895329208,18.3927,2787.2686,"2025-02-04T07:43:07.428Z",187.2952
"Medidor 2 - L9","Potencia activa L3","W",465.3337895329208,18.3927,2787.2686,"2025-02-04T07:44:07.544Z",179.3385
"Medidor 2 - L9","Potencia activa L3","W",465.3337895329208,18.3927,2787.2686,"2025-02-04T07:45:07.574Z",183.1421
"Medidor 2 - L9","Potencia activa L3","W",465.3337895329208,18.3927,2787.2686,"2025-02-04T07:46:07.689Z",194.6203
"Medidor 2 - L9","Potencia activa L3","W",465.3337895329208,18.3927,2787.2686,"2025-02-04T07:47:07.714Z",195.1579
"Medidor 2 - L9","Potencia activa L3","W",465.3337895329208,18.3927,2787.2686,"2025-02-04T07:48:07.922Z",198.617
"Medidor 2 - L9","Potencia activa L3","W",465.3337895329208,18.3927,2787.2686,"2025-02-04T07:49:07.982Z",181.3542
"Medidor 2 - L9","Potencia activa L3","W",465.3337895329208,18.3927,2787.2686,"2025-02-04T07:50:08.081Z",181.8795
"Medidor 2 - L9","Potencia activa L3","W",465.3337895329208,18.3927,2787.2686,"2025-02-04T07:51:08.121Z",184.3309
"Medidor 2 - L9","Potencia activa L3","W",465.3337895329208,18.3927,2787.2686,"2025-02-04T07:52:08.212Z",181.2976
"Medidor 2 - L9","Potencia activa L3","W",465.3337895329208,18.3927,2787.2686,"2025-02-04T07:53:08.327Z",185.4087
"Medidor 2 - L9","Potencia activa L3","W",465.3337895329208,18.3927,2787.2686,"2025-02-04T07:54:08.373Z",185.6844
"Medidor 2 - L9","Potencia activa L3","W",465.3337895329208,18.3927,2787.2686,"2025-02-04T07:55:08.433Z",187.6035
"Medidor 2 - L9","Potencia activa L3","W",465.3337895329208,18.3927,2787.2686,"2025-02-04T07:56:08.420Z",188.8548
"Medidor 2 - L9","Potencia activa L3","W",465.3337895329208,18.3927,2787.2686,"2025-02-04T07:57:08.473Z",182.1016
"Medidor 2 - L9","Potencia activa L3","W",465.3337895329208,18.3927,2787.2686,"2025-02-04T07:58:08.617Z",190.2916
"Medidor 2 - L9","Potencia activa L3","W",465.3337895329208,18.3927,2787.2686,"2025-02-04T07:59:08.682Z",196.1275
"Medidor 2 - L9","Potencia activa L3","W",465.3337895329208,18.3927,2787.2686,"2025-02-04T08:00:08.775Z",189.0726
"Medidor 2 - L9","Potencia activa L3","W",465.3337895329208,18.3927,2787.2686,"2025-02-04T08:01:08.937Z",190.7734
"Medidor 2 - L9","Potencia activa L3","W",465.3337895329208,18.3927,2787.2686,"2025-02-04T08:02:08.970Z",186.2251
"Medidor 2 - L9","Potencia activa L3","W",465.3337895329208,18.3927,2787.2686,"2025-02-04T08:03:09.082Z",190.4767
"Medidor 2 - L9","Potencia activa L3","W",465.3337895329208,18.3927,2787.2686,"2025-02-04T08:04:09.178Z",184.9191
"Medidor 2 - L9","Potencia activa L3","W",465.3337895329208,18.3927,2787.2686,"2025-02-04T08:05:09.270Z",186.0537
"Medidor 2 - L9","Potencia activa L3","W",465.3337895329208,18.3927,2787.2686,"2025-02-04T08:06:09.374Z",185.3383
"Medidor 2 - L9","Potencia activa L3","W",465.3337895329208,18.3927,2787.2686,"2025-02-04T08:07:09.415Z",188.4439
"Medidor 2 - L9","Potencia activa L3","W",465.3337895329208,18.3927,2787.2686,"2025-02-04T08:08:09.486Z",198.7185
"Medidor 2 - L9","Potencia activa L3","W",465.3337895329208,18.3927,2787.2686,"2025-02-04T08:09:09.649Z",197.3906
"Medidor 2 - L9","Potencia activa L3","W",465.3337895329208,18.3927,2787.2686,"2025-02-04T08:10:09.650Z",191.8888
"Medidor 2 - L9","Potencia activa L3","W",465.3337895329208,18.3927,2787.2686,"2025-02-04T08:11:09.791Z",187.4563
"Medidor 2 - L9","Potencia activa L3","W",465.3337895329208,18.3927,2787.2686,"2025-02-04T08:12:09.933Z",185.3228
"Medidor 2 - L9","Potencia activa L3","W",465.3337895329208,18.3927,2787.2686,"2025-02-04T08:13:09.975Z",419.0289
"Medidor 2 - L9","Potencia activa L3","W",465.3337895329208,18.3927,2787.2686,"2025-02-04T08:14:10.042Z",412.6334
"Medidor 2 - L9","Potencia activa L3","W",465.3337895329208,18.3927,2787.2686,"2025-02-04T08:15:10.106Z",418.5559
"Medidor 2 - L9","Potencia activa L3","W",465.3337895329208,18.3927,2787.2686,"2025-02-04T08:16:10.139Z",187.2223
"Medidor 2 - L9","Potencia activa L3","W",465.3337895329208,18.3927,2787.2686,"2025-02-04T08:17:10.284Z",182.5092
"Medidor 2 - L9","Potencia activa L3","W",465.3337895329208,18.3927,2787.2686,"2025-02-04T08:18:10.385Z",178.8858
"Medidor 2 - L9","Potencia activa L3","W",465.3337895329208,18.3927,2787.2686,"2025-02-04T08:19:10.414Z",184.9216
"Medidor 2 - L9","Potencia activa L3","W",465.3337895329208,18.3927,2787.2686,"2025-02-04T08:20:10.537Z",185.8954
"Medidor 2 - L9","Potencia activa L3","W",465.3337895329208,18.3927,2787.2686,"2025-02-04T08:21:10.636Z",182.6098
"Medidor 2 - L9","Potencia activa L3","W",465.3337895329208,18.3927,2787.2686,"2025-02-04T08:22:10.696Z",186.02
"Medidor 2 - L9","Potencia activa L3","W",465.3337895329208,18.3927,2787.2686,"2025-02-04T08:23:10.795Z",184.1942
"Medidor 2 - L9","Potencia activa L3","W",465.3337895329208,18.3927,2787.2686,"2025-02-04T08:24:10.796Z",186.4232
"Medidor 2 - L9","Potencia activa L3","W",465.3337895329208,18.3927,2787.2686,"2025-02-04T08:25:10.911Z",184.8802
"Medidor 2 - L9","Potencia activa L3","W",465.3337895329208,18.3927,2787.2686,"2025-02-04T08:26:11.022Z",193.1057
"Medidor 2 - L9","Potencia activa L3","W",465.3337895329208,18.3927,2787.2686,"2025-02-04T08:27:11.159Z",189.091
"Medidor 2 - L9","Potencia activa L3","W",465.3337895329208,18.3927,2787.2686,"2025-02-04T08:28:11.212Z",185.6917
"Medidor 2 - L9","Potencia activa L3","W",465.3337895329208,18.3927,2787.2686,"2025-02-04T08:29:11.300Z",189.6947
"Medidor 2 - L9","Potencia activa L3","W",465.3337895329208,18.3927,2787.2686,"2025-02-04T08:30:11.381Z",200.3925
"Medidor 2 - L9","Potencia activa L3","W",465.3337895329208,18.3927,2787.2686,"2025-02-04T08:31:11.453Z",192.7158
"Medidor 2 - L9","Potencia activa L3","W",465.3337895329208,18.3927,2787.2686,"2025-02-04T08:32:11.573Z",189.6744
"Medidor 2 - L9","Potencia activa L3","W",465.3337895329208,18.3927,2787.2686,"2025-02-04T08:33:11.658Z",185.1194
"Medidor 2 - L9","Potencia activa L3","W",465.3337895329208,18.3927,2787.2686,"2025-02-04T08:34:11.757Z",185.623
"Medidor 2 - L9","Potencia activa L3","W",465.3337895329208,18.3927,2787.2686,"2025-02-04T08:35:11.843Z",184.5822
"Medidor 2 - L9","Potencia activa L3","W",465.3337895329208,18.3927,2787.2686,"2025-02-04T08:36:11.933Z",182.7984
"Medidor 2 - L9","Potencia activa L3","W",465.3337895329208,18.3927,2787.2686,"2025-02-04T08:37:11.938Z",186.4296
"Medidor 2 - L9","Potencia activa L3","W",465.3337895329208,18.3927,2787.2686,"2025-02-04T08:38:11.981Z",186.8347
"Medidor 2 - L9","Potencia activa L3","W",465.3337895329208,18.3927,2787.2686,"2025-02-04T08:39:12.064Z",184.0464
"Medidor 2 - L9","Potencia activa L3","W",465.3337895329208,18.3927,2787.2686,"2025-02-04T08:40:12.195Z",187.6095
"Medidor 2 - L9","Potencia activa L3","W",465.3337895329208,18.3927,2787.2686,"2025-02-04T08:41:12.333Z",189.6627
"Medidor 2 - L9","Potencia activa L3","W",465.3337895329208,18.3927,2787.2686,"2025-02-04T08:42:12.404Z",186.6079
"Medidor 2 - L9","Potencia activa L3","W",465.3337895329208,18.3927,2787.2686,"2025-02-04T08:43:12.467Z",181.144
"Medidor 2 - L9","Potencia activa L3","W",465.3337895329208,18.3927,2787.2686,"2025-02-04T08:44:12.628Z",194.8283
"Medidor 2 - L9","Potencia activa L3","W",465.3337895329208,18.3927,2787.2686,"2025-02-04T08:45:12.662Z",186.4472
"Medidor 2 - L9","Potencia activa L3","W",465.3337895329208,18.3927,2787.2686,"2025-02-04T08:46:12.758Z",183.4266
"Medidor 2 - L9","Potencia activa L3","W",465.3337895329208,18.3927,2787.2686,"2025-02-04T08:47:12.903Z",176.2631
"Medidor 2 - L9","Potencia activa L3","W",465.3337895329208,18.3927,2787.2686,"2025-02-04T08:48:12.921Z",191.5191