"Device","Measurement","Unit","Average","Minimum","Maximum","Timestamp","Value"
"Medidor 2 - L9","Corriente L3","A",4.51591456282727,1.882,23.3793,"2025-04-10T21:47:00.773Z",5.8156
"Medidor 2 - L9","Corriente L3","A",4.51591456282727,1.882,23.3793,"2025-04-10T21:48:00.861Z",5.8116
"Medidor 2 - L9","Corriente L3","A",4.51591456282727,1.882,23.3793,"2025-04-10T21:49:00.949Z",5.8391
"Medidor 2 - L9","Corriente L3","A",4.51591456282727,1.882,23.3793,"2025-04-10T21:50:01.062Z",5.7559
"Medidor 2 - L9","Corriente L3","A",4.51591456282727,1.882,23.3793,"2025-04-10T21:51:01.152Z",5.794
"Medidor 2 - L9","Corriente L3","A",4.51591456282727,1.882,23.3793,"2025-04-10T21:52:01.227Z",5.7956
"Medidor 2 - L9","Corriente L3","A",4.51591456282727,1.882,23.3793,"2025-04-10T21:53:01.271Z",5.818
"Medidor 2 - L9","Corriente L3","A",4.51591456282727,1.882,23.3793,"2025-04-10T21:54:01.328Z",5.7955
"Medidor 2 - L9","Corriente L3","A",4.51591456282727,1.882,23.3793,"2025-04-10T21:55:01.431Z",5.6964
"Medidor 2 - L9","Corriente L3","A",4.51591456282727,1.882,23.3793,"2025-04-10T21:56:01.567Z",7.4103
"Medidor 2 - L9","Corriente L3","A",4.51591456282727,1.882,23.3793,"2025-04-10T21:57:01.589Z",7.4484
"Medidor 2 - L9","Corriente L3","A",4.51591456282727,1.882,23.3793,"2025-04-10T21:58:01.604Z",5.7671
"Medidor 2 - L9","Corriente L3","A",4.51591456282727,1.882,23.3793,"2025-04-10T21:59:01.713Z",5.8032
"Medidor 2 - L9","Corriente L3","A",4.51591456282727,1.882,23.3793,"2025-04-10T22:00:01.725Z",5.8365
"Medidor 2 - L9","Corriente L3","A",4.51591456282727,1.882,23.3793,"2025-04-10T22:01:01.883Z",5.8491
"Medidor 2 - L9","Corriente L3","A",4.51591456282727,1.882,23.3793,"2025-04-10T22:02:01.970Z",5.8174
"Medidor 2 - L9","Corriente L3","A",4.51591456282727,1.882,23.3793,"2025-04-10T22:03:02.083Z",5.7847
"Medidor 2 - L9","Corriente L3","A",4.51591456282727,1.882,23.3793,"2025-04-10T22:04:02.183Z",5.7982
"Medidor 2 - L9","Corriente L3","A",4.51591456282727,1.882,23.3793,"2025-04-10T22:05:02.191Z",5.7631
"Medidor 2 - L9","Corriente L3","A",4.51591456282727,1.882,23.3793,"2025-04-10T22:06:02.376Z",5.9513
"Medidor 2 - L9","Corriente L3","A",4.51591456282727,1.882,23.3793,"2025-04-10T22:07:02.465Z",6.0108
"Medidor 2 - L9","Corriente L3","A",4.51591456282727,1.882,23.3793,"2025-04-10T22:08:02.584Z",5.9631
"Medidor 2 - L9","Corriente L3","A",4.51591456282727,1.882,23.3793,"2025-04-10T22:09:02.626Z",5.9568
"Medidor 2 - L9","Corriente L3","A",4.51591456282727,1.882,23.3793,"2025-04-10T22:10:02.727Z",6.0481
"Medidor 2 - L9","Corriente L3","A",4.51591456282727,1.882,23.3793,"2025-04-10T22:11:02.778Z",6.0163
"Medidor 2 - L9","Corriente L3","A",4.51591456282727,1.882,23.3793,"2025-04-10T22:12:02.868Z",5.9875
"Medidor 2 - L9","Corriente L3","A",4.51591456282727,1.882,23.3793,"2025-04-10T22:13:02.976Z",5.9713
"Medidor 2 - L9","Corriente L3","A",4.51591456282727,1.882,23.3793,"2025-04-10T22:14:03.082Z",5.9473
"Medidor 2 - L9","Corriente L3","A",4.51591456282727,1.882,23.3793,"2025-04-10T22:15:03.207Z",5.9249
"Medidor 2 - L9","Corriente L3","A",4.51591456282727,1.882,23.3793,"2025-04-10T22:16:03.303Z",5.9217
"Medidor 2 - L9","Corriente L3","A",4.51591456282727,1.882,23.3793,"2025-04-10T22:17:03.382Z",6.3129
"Medidor 2 - L9","Corriente L3","A",4.51591456282727,1.882,23.3793,"2025-04-10T22:18:03.468Z",6.4154
"Medidor 2 - L9","Corriente L3","A",4.51591456282727,1.882,23.3793,"2025-04-10T22:19:03.520Z",6.3965
"Medidor 2 - L9","Corriente L3","A",4.51591456282727,1.882,23.3793,"2025-04-10T22:20:03.583Z",6.3315
"Medidor 2 - L9","Corriente L3","A",4.51591456282727,1.882,23.3793,"2025-04-10T22:21:03.713Z",10.1893
"Medidor 2 - L9","Corriente L3","A",4.51591456282727,1.882,23.3793,"2025-04-10T22:22:03.764Z",6.6422
"Medidor 2 - L9","Corriente L3","A",4.51591456282727,1.882,23.3793,"2025-04-10T22:23:03.871Z",6.5237
"Medidor 2 - L9","Corriente L3","A",4.51591456282727,1.882,23.3793,"2025-04-10T22:24:04.022Z",6.5021
"Medidor 2 - L9","Corriente L3","A",4.51591456282727,1.882,23.3793,"2025-04-10T22:25:04.028Z",6.5652
"Medidor 2 - L9","Corriente L3","A",4.51591456282727,1.882,23.3793,"2025-04-10T22:26:04.107Z",6.4307
"Medidor 2 - L9","Corriente L3","A",4.51591456282727,1.882,23.3793,"2025-04-10T22:27:04.171Z",6.2949
"Medidor 2 - L9","Corriente L3","A",4.51591456282727,1.882,23.3793,"2025-04-10T22:28:04.268Z",6.3766
"Medidor 2 - L9","Corriente L3","A",4.51591456282727,1.882,23.3793,"2025-04-10T22:29:04.357Z",6.0495
"Medidor 2 - L9","Corriente L3","A",4.51591456282727,1.882,23.3793,"2025-04-10T22:30:04.428Z",7.6831
"Medidor 2 - L9","Corriente L3","A",4.51591456282727,1.882,23.3793,"2025-04-10T22:31:04.535Z",7.6086
"Medidor 2 - L9","Corriente L3","A",4.51591456282727,1.882,23.3793,"2025-04-10T22:32:04.549Z",7.7304
"Medidor 2 - L9","Corriente L3","A",4.51591456282727,1.882,23.3793,"2025-04-10T22:33:04.689Z",7.7664
"Medidor 2 - L9","Corriente L3","A",4.51591456282727,1.882,23.3793,"2025-04-10T22:34:04.800Z",6.0394
"Medidor 2 - L9","Corriente L3","A",4.51591456282727,1.882,23.3793,"2025-04-10T22:35:04.843Z",6.45
"Medidor 2 - L9","Corriente L3","A",4.51591456282727,1.882,23.3793,"2025-04-10T22:36:05.009Z",6.4545
"Medidor 2 - L9","Corriente L3","A",4.51591456282727,1.882,23.3793,"2025-04-10T22:37:05.100Z",6.3626
"Medidor 2 - L9","Corriente L3","A",4.51591456282727,1.882,23.3793,"2025-04-10T22:38:05.192Z",6.363
"Medidor 2 - L9","Corriente L3","A",4.51591456282727,1.882,23.3793,"2025-04-10T22:39:05.270Z",6.3717
"Medidor 2 - L9","Corriente L3","A",4.51591456282727,1.882,23.3793,"2025-04-10T22:40:05.401Z",6.0368
"Medidor 2 - L9","Corriente L3","A",4.51591456282727,1.882,23.3793,"2025-04-10T22:41:05.524Z",6.5597
"Medidor 2 - L9","Corriente L3","A",4.51591456282727,1.882,23.3793,"2025-04-10T22:42:05.600Z",6.3603
"Medidor 2 - L9","Corriente L3","A",4.51591456282727,1.882,23.3793,"2025-04-10T22:43:05.666Z",6.4051
"Medidor 2 - L9","Corriente L3","A",4.51591456282727,1.882,23.3793,"2025-04-10T22:44:05.712Z",6.5527
"Medidor 2 - L9","Corriente L3","A",4.51591456282727,1.882,23.3793,"2025-04-10T22:45:05.862Z",6.5237
"Medidor 2 - L9","Corriente L3","A",4.51591456282727,1.882,23.3793,"2025-04-10T22:46:05.944Z",6.3857
"Medidor 2 - L9","Corriente L3","A",4.51591456282727,1.882,23.3793,"2025-04-10T22:47:06.008Z",6.4713
"Medidor 2 - L9","Corriente L3","A",4.51591456282727,1.882,23.3793,"2025-04-10T22:48:06.083Z",6.3431
"Medidor 2 - L9","Corriente L3","A",4.51591456282727,1.882,23.3793,"2025-04-10T22:49:06.164Z",6.0054
"Medidor 2 - L9","Corriente L3","A",4.51591456282727,1.882,23.3793,"2025-04-10T22:50:06.242Z",6.2037
"Medidor 2 - L9","Corriente L3","A",4.51591456282727,1.882,23.3793,"2025-04-10T22:51:06.394Z",6.2742
"Medidor 2 - L9","Corriente L3","A",4.51591456282727,1.882,23.3793,"2025-04-10T22:52:06.426Z",6.354
"Medidor 2 - L9","Corriente L3","A",4.51591456282727,1.882,23.3793,"2025-04-10T22:53:06.493Z",6.3466
"Medidor 2 - L9","Corriente L3","A",4.51591456282727,1.882,23.3793,"2025-04-10T22:54:06.556Z",6.4027
"Medidor 2 - L9","Corriente L3","A",4.51591456282727,1.882,23.3793,"2025-04-10T22:55:06.655Z",6.4487
"Medidor 2 - L9","Corriente L3","A",4.51591456282727,1.882,23.3793,"2025-04-10T22:56:06.776Z",6.5595
"Medidor 2 - L9","Corriente L3","A",4.51591456282727,1.882,23.3793,"2025-04-10T22:57:06.859Z",6.4333
"Medidor 2 - L9","Corriente L3","A",4.51591456282727,1.882,23.3793,"2025-04-10T22:58:06.946Z",6.3263
"Medidor 2 - L9","Corriente L3","A",4.51591456282727,1.882,23.3793,"2025-04-10T22:59:07.053Z",6.495
"Medidor 2 - L9","Corriente L3","A",4.51591456282727,1.882,23.3793,"2025-04-10T23:00:07.081Z",6.3593
"Medidor 2 - L9","Corriente L3","A",4.51591456282727,1.882,23.3793,"2025-04-10T23:01:07.192Z",6.3266
"Medidor 2 - L9","Corriente L3","A",4.51591456282727,1.882,23.3793,"2025-04-10T23:02:07.282Z",6.2907
"Medidor 2 - L9","Corriente L3","A",4.51591456282727,1.882,23.3793,"2025-04-10T23:03:07.319Z",6.4138
"Medidor 2 - L9","Corriente L3","A",4.51591456282727,1.882,23.3793,"2025-04-10T23:04:07.356Z",6.4287
"Medidor 2 - L9","Corriente L3","A",4.51591456282727,1.882,23.3793,"2025-04-10T23:05:07.412Z",6.6096
"Medidor 2 - L9","Corriente L3","A",4.51591456282727,1.882,23.3793,"2025-04-10T23:06:07.541Z",6.7507
"Medidor 2 - L9","Corriente L3","A",4.51591456282727,1.882,23.3793,"2025-04-10T23:07:07.575Z",6.5796
"Medidor 2 - L9","Corriente L3","A",4.51591456282727,1.882,23.3793,"2025-04-10T23:08:07.613Z",6.4422
"Medidor 2 - L9","Corriente L3","A",4.51591456282727,1.882,23.3793,"2025-04-10T23:09:07.831Z",6.6705
"Medidor 2 - L9","Corriente L3","A",4.51591456282727,1.882,23.3793,"2025-04-10T23:10:07.885Z",7.0817
"Medidor 2 - L9","Corriente L3","A",4.51591456282727,1.882,23.3793,"2025-04-10T23:11:07.886Z",8.8349
"Medidor 2 - L9","Corriente L3","A",4.51591456282727,1.882,23.3793,"2025-04-10T23:12:07.977Z",8.7329
"Medidor 2 - L9","Corriente L3","A",4.51591456282727,1.882,23.3793,"2025-04-10T23:13:08.053Z",6.9704
"Medidor 2 - L9","Corriente L3","A",4.51591456282727,1.882,23.3793,"2025-04-10T23:14:08.068Z",7.049
"Medidor 2 - L9","Corriente L3","A",4.51591456282727,1.882,23.3793,"2025-04-10T23:15:08.190Z",6.99
"Medidor 2 - L9","Corriente L3","A",4.51591456282727,1.882,23.3793,"2025-04-10T23:16:08.233Z",7.0859
"Medidor 2 - L9","Corriente L3","A",4.51591456282727,1.882,23.3793,"2025-04-10T23:17:08.334Z",7.1997
"Medidor 2 - L9","Corriente L3","A",4.51591456282727,1.882,23.3793,"2025-04-10T23:18:08.376Z",7.17
"Medidor 2 - L9","Corriente L3","A",4.51591456282727,1.882,23.3793,"2025-04-10T23:19:08.450Z",7.1856
"Medidor 2 - L9","Corriente L3","A",4.51591456282727,1.882,23.3793,"2025-04-10T23:20:08.550Z",7.0156
"Medidor 2 - L9","Corriente L3","A",4.51591456282727,1.882,23.3793,"2025-04-10T23:21:08.652Z",7.1174
"Medidor 2 - L9","Corriente L3","A",4.51591456282727,1.882,23.3793,"2025-04-10T23:22:08.700Z",7.016
"Medidor 2 - L9","Corriente L3","A",4.51591456282727,1.882,23.3793,"2025-04-10T23:23:08.721Z",7.107
"Medidor 2 - L9","Corriente L3","A",4.51591456282727,1.882,23.3793,"2025-04-10T23:24:08.791Z",7.0517
"Medidor 2 - L9","Corriente L3","A",4.51591456282727,1.882,23.3793,"2025-04-10T23:25:08.930Z",7.1432
"Medidor 2 - L9","Corriente L3","A",4.51591456282727,1.882,23.3793,"2025-04-10T23:26:09.005Z",7.1052
"Medidor 2 - L9","Corriente L3","A",4.51591456282727,1.882,23.3793,"2025-04-10T23:27:09.124Z",7.1221
"Medidor 2 - L9","Corriente L3","A",4.51591456282727,1.882,23.3793,"2025-04-10T23:28:09.171Z",7.2341
"Medidor 2 - L9","Corriente L3","A",4.51591456282727,1.882,23.3793,"2025-04-10T23:29:09.252Z",7.3016
"Medidor 2 - L9","Corriente L3","A",4.51591456282727,1.882,23.3793,"2025-04-10T23:30:09.325Z",7.1805
"Medidor 2 - L9","Corriente L3","A",4.51591456282727,1.882,23.3793,"2025-04-10T23:31:09.443Z",7.1401
"Medidor 2 - L9","Corriente L3","A",4.51591456282727,1.882,23.3793,"2025-04-10T23:32:09.540Z",7.0191
"Medidor 2 - L9","Corriente L3","A",4.51591456282727,1.882,23.3793,"2025-04-10T23:33:09.676Z",7.1355
"Medidor 2 - L9","Corriente L3","A",4.51591456282727,1.882,23.3793,"2025-04-10T23:34:09.689Z",7.1544
"Medidor 2 - L9","Corriente L3","A",4.51591456282727,1.882,23.3793,"2025-04-10T23:35:09.834Z",6.9554
"Medidor 2 - L9","Corriente L3","A",4.51591456282727,1.882,23.3793,"2025-04-10T23:36:09.940Z",7.0055
"Medidor 2 - L9","Corriente L3","A",4.51591456282727,1.882,23.3793,"2025-04-10T23:37:10.028Z",7.0251
"Medidor 2 - L9","Corriente L3","A",4.51591456282727,1.882,23.3793,"2025-04-10T23:38:10.058Z",7.0226
"Medidor 2 - L9","Corriente L3","A",4.51591456282727,1.882,23.3793,"2025-04-10T23:39:10.163Z",7.004
"Medidor 2 - L9","Corriente L3","A",4.51591456282727,1.882,23.3793,"2025-04-10T23:40:10.256Z",6.8315
"Medidor 2 - L9","Corriente L3","A",4.51591456282727,1.882,23.3793,"2025-04-10T23:41:10.397Z",6.6379
"Medidor 2 - L9","Corriente L3","A",4.51591456282727,1.882,23.3793,"2025-04-10T23:42:10.471Z",6.3493
"Medidor 2 - L9","Corriente L3","A",4.51591456282727,1.882,23.3793,"2025-04-10T23:43:10.581Z",6.2853
"Medidor 2 - L9","Corriente L3","A",4.51591456282727,1.882,23.3793,"2025-04-10T23:44:10.662Z",6.1917
"Medidor 2 - L9","Corriente L3","A",4.51591456282727,1.882,23.3793,"2025-04-10T23:45:10.708Z",6.1841
"Medidor 2 - L9","Corriente L3","A",4.51591456282727,1.882,23.3793,"2025-04-10T23:46:10.785Z",6.3211
"Medidor 2 - L9","Corriente L3","A",4.51591456282727,1.882,23.3793,"2025-04-10T23:47:10.880Z",6.2586
"Medidor 2 - L9","Corriente L3","A",4.51591456282727,1.882,23.3793,"2025-04-10T23:48:10.969Z",6.0085
"Medidor 2 - L9","Corriente L3","A",4.51591456282727,1.882,23.3793,"2025-04-10T23:49:11.040Z",6.0886
"Medidor 2 - L9","Corriente L3","A",4.51591456282727,1.882,23.3793,"2025-04-10T23:50:11.115Z",5.9465
"Medidor 2 - L9","Corriente L3","A",4.51591456282727,1.882,23.3793,"2025-04-10T23:51:11.183Z",6.1008
"Medidor 2 - L9","Corriente L3","A",4.51591456282727,1.882,23.3793,"2025-04-10T23:52:11.264Z",6.1223
"Medidor 2 - L9","Corriente L3","A",4.51591456282727,1.882,23.3793,"2025-04-10T23:53:11.329Z",8.1519
"Medidor 2 - L9","Corriente L3","A",4.51591456282727,1.882,23.3793,"2025-04-10T23:54:11.406Z",8.1848
"Medidor 2 - L9","Corriente L3","A",4.51591456282727,1.882,23.3793,"2025-04-10T23:55:11.546Z",6.4712
"Medidor 2 - L9","Corriente L3","A",4.51591456282727,1.882,23.3793,"2025-04-10T23:56:11.598Z",6.4585
"Medidor 2 - L9","Corriente L3","A",4.51591456282727,1.882,23.3793,"2025-04-10T23:57:11.652Z",6.3546
"Medidor 2 - L9","Corriente L3","A",4.51591456282727,1.882,23.3793,"2025-04-10T23:58:11.754Z",6.5621
"Medidor 2 - L9","Corriente L3","A",4.51591456282727,1.882,23.3793,"2025-04-10T23:59:12.166Z",6.5844
"Medidor 2 - L9","Corriente L3","A",4.51591456282727,1.882,23.3793,"2025-04-11T00:00:11.944Z",6.3466
"Medidor 2 - L9","Corriente L3","A",4.51591456282727,1.882,23.3793,"2025-04-11T00:01:12.070Z",6.6821
"Medidor 2 - L9","Corriente L3","A",4.51591456282727,1.882,23.3793,"2025-04-11T00:02:12.187Z",6.4371
"Medidor 2 - L9","Corriente L3","A",4.51591456282727,1.882,23.3793,"2025-04-11T00:03:12.294Z",6.5429
"Medidor 2 - L9","Corriente L3","A",4.51591456282727,1.882,23.3793,"2025-04-11T00:04:12.394Z",6.3858
"Medidor 2 - L9","Corriente L3","A",4.51591456282727,1.882,23.3793,"2025-04-11T00:05:12.424Z",7.0252
"Medidor 2 - L9","Corriente L3","A",4.51591456282727,1.882,23.3793,"2025-04-11T00:06:12.514Z",6.9652
"Medidor 2 - L9","Corriente L3","A",4.51591456282727,1.882,23.3793,"2025-04-11T00:07:12.609Z",6.8507
"Medidor 2 - L9","Corriente L3","A",4.51591456282727,1.882,23.3793,"2025-04-11T00:08:12.692Z",6.8428
"Medidor 2 - L9","Corriente L3","A",4.51591456282727,1.882,23.3793,"2025-04-11T00:09:12.787Z",6.7736
"Medidor 2 - L9","Corriente L3","A",4.51591456282727,1.882,23.3793,"2025-04-11T00:10:12.818Z",6.6762
"Medidor 2 - L9","Corriente L3","A",4.51591456282727,1.882,23.3793,"2025-04-11T00:11:12.984Z",6.5684
"Medidor 2 - L9","Corriente L3","A",4.51591456282727,1.882,23.3793,"2025-04-11T00:12:13.000Z",6.5569
"Medidor 2 - L9","Corriente L3","A",4.51591456282727,1.882,23.3793,"2025-04-11T00:13:13.063Z",6.5169
"Medidor 2 - L9","Corriente L3","A",4.51591456282727,1.882,23.3793,"2025-04-11T00:14:13.230Z",6.5419
"Medidor 2 - L9","Corriente L3","A",4.51591456282727,1.882,23.3793,"2025-04-11T00:15:13.266Z",6.426
"Medidor 2 - L9","Corriente L3","A",4.51591456282727,1.882,23.3793,"2025-04-11T00:16:13.398Z",6.4167
"Medidor 2 - L9","Corriente L3","A",4.51591456282727,1.882,23.3793,"2025-04-11T00:17:13.497Z",6.284
"Medidor 2 - L9","Corriente L3","A",4.51591456282727,1.882,23.3793,"2025-04-11T00:18:13.514Z",6.5209
"Medidor 2 - L9","Corriente L3","A",4.51591456282727,1.882,23.3793,"2025-04-11T00:19:13.600Z",6.4602
"Medidor 2 - L9","Corriente L3","A",4.51591456282727,1.882,23.3793,"2025-04-11T00:20:13.679Z",6.4592
"Medidor 2 - L9","Corriente L3","A",4.51591456282727,1.882,23.3793,"2025-04-11T00:21:13.758Z",6.5036
"Medidor 2 - L9","Corriente L3","A",4.51591456282727,1.882,23.3793,"2025-04-11T00:22:13.779Z",6.3176
"Medidor 2 - L9","Corriente L3","A",4.51591456282727,1.882,23.3793,"2025-04-11T00:23:13.956Z",6.4332
"Medidor 2 - L9","Corriente L3","A",4.51591456282727,1.882,23.3793,"2025-04-11T00:24:14.058Z",6.5103
"Medidor 2 - L9","Corriente L3","A",4.51591456282727,1.882,23.3793,"2025-04-11T00:25:14.101Z",6.5353
"Medidor 2 - L9","Corriente L3","A",4.51591456282727,1.882,23.3793,"2025-04-11T00:26:14.144Z",6.4115
"Medidor 2 - L9","Corriente L3","A",4.51591456282727,1.882,23.3793,"2025-04-11T00:27:14.262Z",6.4349
"Medidor 2 - L9","Corriente L3","A",4.51591456282727,1.882,23.3793,"2025-04-11T00:28:14.287Z",6.6492
"Medidor 2 - L9","Corriente L3","A",4.51591456282727,1.882,23.3793,"2025-04-11T00:29:14.458Z",6.6793
"Medidor 2 - L9","Corriente L3","A",4.51591456282727,1.882,23.3793,"2025-04-11T00:30:14.509Z",6.7183
"Medidor 2 - L9","Corriente L3","A",4.51591456282727,1.882,23.3793,"2025-04-11T00:31:14.619Z",6.7047
"Medidor 2 - L9","Corriente L3","A",4.51591456282727,1.882,23.3793,"2025-04-11T00:32:14.730Z",6.2338
"Medidor 2 - L9","Corriente L3","A",4.51591456282727,1.882,23.3793,"2025-04-11T00:33:14.809Z",6.0506
"Medidor 2 - L9","Corriente L3","A",4.51591456282727,1.882,23.3793,"2025-04-11T00:34:14.950Z",6.3341
"Medidor 2 - L9","Corriente L3","A",4.51591456282727,1.882,23.3793,"2025-04-11T00:35:15.031Z",5.9386
"Medidor 2 - L9","Corriente L3","A",4.51591456282727,1.882,23.3793,"2025-04-11T00:36:15.061Z",6.8701
"Medidor 2 - L9","Corriente L3","A",4.51591456282727,1.882,23.3793,"2025-04-11T00:37:15.208Z",6.9536
"Medidor 2 - L9","Corriente L3","A",4.51591456282727,1.882,23.3793,"2025-04-11T00:38:15.324Z",6.8109
"Medidor 2 - L9","Corriente L3","A",4.51591456282727,1.882,23.3793,"2025-04-11T00:39:15.331Z",5.1932
"Medidor 2 - L9","Corriente L3","A",4.51591456282727,1.882,23.3793,"2025-04-11T00:40:15.423Z",5.4907
"Medidor 2 - L9","Corriente L3","A",4.51591456282727,1.882,23.3793,"2025-04-11T00:41:15.537Z",5.3628
"Medidor 2 - L9","Corriente L3","A",4.51591456282727,1.882,23.3793,"2025-04-11T00:42:15.598Z",5.3556
"Medidor 2 - L9","Corriente L3","A",4.51591456282727,1.882,23.3793,"2025-04-11T00:43:15.627Z",5.2583
"Medidor 2 - L9","Corriente L3","A",4.51591456282727,1.882,23.3793,"2025-04-11T00:44:15.785Z",5.2677
"Medidor 2 - L9","Corriente L3","A",4.51591456282727,1.882,23.3793,"2025-04-11T00:45:15.864Z",5.1742
"Medidor 2 - L9","Corriente L3","A",4.51591456282727,1.882,23.3793,"2025-04-11T00:46:15.891Z",3.6233
"Medidor 2 - L9","Corriente L3","A",4.51591456282727,1.882,23.3793,"2025-04-11T00:47:16.014Z",3.6037
"Medidor 2 - L9","Corriente L3","A",4.51591456282727,1.882,23.3793,"2025-04-11T00:48:16.151Z",3.6426
"Medidor 2 - L9","Corriente L3","A",4.51591456282727,1.882,23.3793,"2025-04-11T00:49:16.166Z",3.6401
"Medidor 2 - L9","Corriente L3","A",4.51591456282727,1.882,23.3793,"2025-04-11T00:50:16.278Z",3.5724
"Medidor 2 - L9","Corriente L3","A",4.51591456282727,1.882,23.3793,"2025-04-11T00:51:16.386Z",3.6433
"Medidor 2 - L9","Corriente L3","A",4.51591456282727,1.882,23.3793,"2025-04-11T00:52:16.487Z",3.7555
"Medidor 2 - L9","Corriente L3","A",4.51591456282727,1.882,23.3793,"2025-04-11T00:53:16.528Z",3.6914
"Medidor 2 - L9","Corriente L3","A",4.51591456282727,1.882,23.3793,"2025-04-11T00:54:16.599Z",3.5292
"Medidor 2 - L9","Corriente L3","A",4.51591456282727,1.882,23.3793,"2025-04-11T00:55:16.693Z",3.6028
"Medidor 2 - L9","Corriente L3","A",4.51591456282727,1.882,23.3793,"2025-04-11T00:56:16.830Z",3.6442
"Medidor 2 - L9","Corriente L3","A",4.51591456282727,1.882,23.3793,"2025-04-11T00:57:16.884Z",2.958
"Medidor 2 - L9","Corriente L3","A",4.51591456282727,1.882,23.3793,"2025-04-11T00:58:16.973Z",3.0312
"Medidor 2 - L9","Corriente L3","A",4.51591456282727,1.882,23.3793,"2025-04-11T00:59:17.064Z",3.1297
"Medidor 2 - L9","Corriente L3","A",4.51591456282727,1.882,23.3793,"2025-04-11T01:00:17.202Z",2.932
"Medidor 2 - L9","Corriente L3","A",4.51591456282727,1.882,23.3793,"2025-04-11T01:01:17.285Z",2.9719
"Medidor 2 - L9","Corriente L3","A",4.51591456282727,1.882,23.3793,"2025-04-11T01:02:17.342Z",3.0915
"Medidor 2 - L9","Corriente L3","A",4.51591456282727,1.882,23.3793,"2025-04-11T01:03:17.432Z",2.8537
"Medidor 2 - L9","Corriente L3","A",4.51591456282727,1.882,23.3793,"2025-04-11T01:04:17.486Z",3.0034
"Medidor 2 - L9","Corriente L3","A",4.51591456282727,1.882,23.3793,"2025-04-11T01:05:17.572Z",3.0343
"Medidor 2 - L9","Corriente L3","A",4.51591456282727,1.882,23.3793,"2025-04-11T01:06:17.655Z",2.9294
"Medidor 2 - L9","Corriente L3","A",4.51591456282727,1.882,23.3793,"2025-04-11T01:07:17.736Z",2.9513
"Medidor 2 - L9","Corriente L3","A",4.51591456282727,1.882,23.3793,"2025-04-11T01:08:17.804Z",2.8958
"Medidor 2 - L9","Corriente L3","A",4.51591456282727,1.882,23.3793,"2025-04-11T01:09:17.926Z",2.8544
"Medidor 2 - L9","Corriente L3","A",4.51591456282727,1.882,23.3793,"2025-04-11T01:10:18.007Z",2.9222
"Medidor 2 - L9","Corriente L3","A",4.51591456282727,1.882,23.3793,"2025-04-11T01:11:18.028Z",2.926
"Medidor 2 - L9","Corriente L3","A",4.51591456282727,1.882,23.3793,"2025-04-11T01:12:18.154Z",2.9166
"Medidor 2 - L9","Corriente L3","A",4.51591456282727,1.882,23.3793,"2025-04-11T01:13:18.268Z",2.8927
"Medidor 2 - L9","Corriente L3","A",4.51591456282727,1.882,23.3793,"2025-04-11T01:14:18.403Z",2.9617
"Medidor 2 - L9","Corriente L3","A",4.51591456282727,1.882,23.3793,"2025-04-11T01:15:18.378Z",2.9498
"Medidor 2 - L9","Corriente L3","A",4.51591456282727,1.882,23.3793,"2025-04-11T01:16:18.517Z",2.9099
"Medidor 2 - L9","Corriente L3","A",4.51591456282727,1.882,23.3793,"2025-04-11T01:17:18.582Z",2.8908
"Medidor 2 - L9","Corriente L3","A",4.51591456282727,1.882,23.3793,"2025-04-11T01:18:18.669Z",2.908
"Medidor 2 - L9","Corriente L3","A",4.51591456282727,1.882,23.3793,"2025-04-11T01:19:18.811Z",2.882
"Medidor 2 - L9","Corriente L3","A",4.51591456282727,1.882,23.3793,"2025-04-11T01:20:18.819Z",2.8989
"Medidor 2 - L9","Corriente L3","A",4.51591456282727,1.882,23.3793,"2025-04-11T01:21:18.853Z",4.4358
"Medidor 2 - L9","Corriente L3","A",4.51591456282727,1.882,23.3793,"2025-04-11T01:22:19.030Z",4.4404
"Medidor 2 - L9","Corriente L3","A",4.51591456282727,1.882,23.3793,"2025-04-11T01:23:19.078Z",2.8802
"Medidor 2 - L9","Corriente L3","A",4.51591456282727,1.882,23.3793,"2025-04-11T01:24:19.182Z",2.9288
"Medidor 2 - L9","Corriente L3","A",4.51591456282727,1.882,23.3793,"2025-04-11T01:25:19.226Z",2.9176
"Medidor 2 - L9","Corriente L3","A",4.51591456282727,1.882,23.3793,"2025-04-11T01:26:19.301Z",2.9018
"Medidor 2 - L9","Corriente L3","A",4.51591456282727,1.882,23.3793,"2025-04-11T01:27:19.428Z",2.8988
"Medidor 2 - L9","Corriente L3","A",4.51591456282727,1.882,23.3793,"2025-04-11T01:28:19.485Z",2.9873
"Medidor 2 - L9","Corriente L3","A",4.51591456282727,1.882,23.3793,"2025-04-11T01:29:19.610Z",2.9628
"Medidor 2 - L9","Corriente L3","A",4.51591456282727,1.882,23.3793,"2025-04-11T01:30:19.703Z",2.9443
"Medidor 2 - L9","Corriente L3","A",4.51591456282727,1.882,23.3793,"2025-04-11T01:31:19.763Z",2.8781
"Medidor 2 - L9","Corriente L3","A",4.51591456282727,1.882,23.3793,"2025-04-11T01:32:19.851Z",2.9137
"Medidor 2 - L9","Corriente L3","A",4.51591456282727,1.882,23.3793,"2025-04-11T01:33:19.901Z",2.8929
"Medidor 2 - L9","Corriente L3","A",4.51591456282727,1.882,23.3793,"2025-04-11T01:34:19.950Z",2.9423
"Medidor 2 - L9","Corriente L3","A",4.51591456282727,1.882,23.3793,"2025-04-11T01:35:20.094Z",2.8606
"Medidor 2 - L9","Corriente L3","A",4.51591456282727,1.882,23.3793,"2025-04-11T01:36:20.196Z",2.8941
"Medidor 2 - L9","Corriente L3","A",4.51591456282727,1.882,23.3793,"2025-04-11T01:37:20.290Z",2.8932
"Medidor 2 - L9","Corriente L3","A",4.51591456282727,1.882,23.3793,"2025-04-11T01:38:20.400Z",2.9166
"Medidor 2 - L9","Corriente L3","A",4.51591456282727,1.882,23.3793,"2025-04-11T01:39:20.454Z",2.9143
"Medidor 2 - L9","Corriente L3","A",4.51591456282727,1.882,23.3793,"2025-04-11T01:40:20.520Z",2.8859
"Medidor 2 - L9","Corriente L3","A",4.51591456282727,1.882,23.3793,"2025-04-11T01:41:20.644Z",2.8919
"Medidor 2 - L9","Corriente L3","A",4.51591456282727,1.882,23.3793,"2025-04-11T01:42:20.672Z",2.8559
"Medidor 2 - L9","Corriente L3","A",4.51591456282727,1.882,23.3793,"2025-04-11T01:43:20.799Z",2.8932
"Medidor 2 - L9","Corriente L3","A",4.51591456282727,1.882,23.3793,"2025-04-11T01:44:20.846Z",2.8872
"Medidor 2 - L9","Corriente L3","A",4.51591456282727,1.882,23.3793,"2025-04-11T01:45:20.928Z",2.896
"Medidor 2 - L9","Corriente L3","A",4.51591456282727,1.882,23.3793,"2025-04-11T01:46:21.039Z",2.8087
"Medidor 2 - L9","Corriente L3","A",4.51591456282727,1.882,23.3793,"2025-04-11T01:47:21.169Z",2.8576
"Medidor 2 - L9","Corriente L3","A",4.51591456282727,1.882,23.3793,"2025-04-11T01:48:21.238Z",2.8601
"Medidor 2 - L9","Corriente L3","A",4.51591456282727,1.882,23.3793,"2025-04-11T01:49:21.374Z",2.7899
"Medidor 2 - L9","Corriente L3","A",4.51591456282727,1.882,23.3793,"2025-04-11T01:50:21.488Z",2.8421
"Medidor 2 - L9","Corriente L3","A",4.51591456282727,1.882,23.3793,"2025-04-11T01:51:21.478Z",2.8059
"Medidor 2 - L9","Corriente L3","A",4.51591456282727,1.882,23.3793,"2025-04-11T01:52:21.645Z",2.7999
"Medidor 2 - L9","Corriente L3","A",4.51591456282727,1.882,23.3793,"2025-04-11T01:53:21.782Z",2.8401
"Medidor 2 - L9","Corriente L3","A",4.51591456282727,1.882,23.3793,"2025-04-11T01:54:21.798Z",2.8498
"Medidor 2 - L9","Corriente L3","A",4.51591456282727,1.882,23.3793,"2025-04-11T01:55:21.925Z",2.8343
"Medidor 2 - L9","Corriente L3","A",4.51591456282727,1.882,23.3793,"2025-04-11T01:56:22.016Z",2.8545
"Medidor 2 - L9","Corriente L3","A",4.51591456282727,1.882,23.3793,"2025-04-11T01:57:22.144Z",2.7877
"Medidor 2 - L9","Corriente L3","A",4.51591456282727,1.882,23.3793,"2025-04-11T01:58:22.153Z",2.827
"Medidor 2 - L9","Corriente L3","A",4.51591456282727,1.882,23.3793,"2025-04-11T01:59:22.247Z",2.833
"Medidor 2 - L9","Corriente L3","A",4.51591456282727,1.882,23.3793,"2025-04-11T02:00:22.327Z",2.8529
"Medidor 2 - L9","Corriente L3","A",4.51591456282727,1.882,23.3793,"2025-04-11T02:01:22.410Z",2.8877
"Medidor 2 - L9","Corriente L3","A",4.51591456282727,1.882,23.3793,"2025-04-11T02:02:22.537Z",2.9542
"Medidor 2 - L9","Corriente L3","A",4.51591456282727,1.882,23.3793,"2025-04-11T02:03:22.656Z",4.3794
"Medidor 2 - L9","Corriente L3","A",4.51591456282727,1.882,23.3793,"2025-04-11T02:04:22.733Z",4.3805
"Medidor 2 - L9","Corriente L3","A",4.51591456282727,1.882,23.3793,"2025-04-11T02:05:22.810Z",2.9009
"Medidor 2 - L9","Corriente L3","A",4.51591456282727,1.882,23.3793,"2025-04-11T02:06:22.836Z",2.8859
"Medidor 2 - L9","Corriente L3","A",4.51591456282727,1.882,23.3793,"2025-04-11T02:07:22.961Z",2.8359
"Medidor 2 - L9","Corriente L3","A",4.51591456282727,1.882,23.3793,"2025-04-11T02:08:23.070Z",2.9073
"Medidor 2 - L9","Corriente L3","A",4.51591456282727,1.882,23.3793,"2025-04-11T02:09:23.088Z",2.8742
"Medidor 2 - L9","Corriente L3","A",4.51591456282727,1.882,23.3793,"2025-04-11T02:10:23.206Z",2.826
"Medidor 2 - L9","Corriente L3","A",4.51591456282727,1.882,23.3793,"2025-04-11T02:11:23.236Z",2.9253
"Medidor 2 - L9","Corriente L3","A",4.51591456282727,1.882,23.3793,"2025-04-11T02:12:23.369Z",2.9064
"Medidor 2 - L9","Corriente L3","A",4.51591456282727,1.882,23.3793,"2025-04-11T02:13:23.413Z",2.8914
"Medidor 2 - L9","Corriente L3","A",4.51591456282727,1.882,23.3793,"2025-04-11T02:14:23.536Z",2.8096
"Medidor 2 - L9","Corriente L3","A",4.51591456282727,1.882,23.3793,"2025-04-11T02:15:23.605Z",2.9026
"Medidor 2 - L9","Corriente L3","A",4.51591456282727,1.882,23.3793,"2025-04-11T02:16:23.635Z",2.9022
"Medidor 2 - L9","Corriente L3","A",4.51591456282727,1.882,23.3793,"2025-04-11T02:17:23.806Z",2.9094
"Medidor 2 - L9","Corriente L3","A",4.51591456282727,1.882,23.3793,"2025-04-11T02:18:23.847Z",2.8741
"Medidor 2 - L9","Corriente L3","A",4.51591456282727,1.882,23.3793,"2025-04-11T02:19:23.924Z",2.9246
"Medidor 2 - L9","Corriente L3","A",4.51591456282727,1.882,23.3793,"2025-04-11T02:20:24.014Z",2.9477
"Medidor 2 - L9","Corriente L3","A",4.51591456282727,1.882,23.3793,"2025-04-11T02:21:24.109Z",2.8897
"Medidor 2 - L9","Corriente L3","A",4.51591456282727,1.882,23.3793,"2025-04-11T02:22:24.193Z",2.9555
"Medidor 2 - L9","Corriente L3","A",4.51591456282727,1.882,23.3793,"2025-04-11T02:23:24.305Z",2.947
"Medidor 2 - L9","Corriente L3","A",4.51591456282727,1.882,23.3793,"2025-04-11T02:24:24.404Z",2.943
"Medidor 2 - L9","Corriente L3","A",4.51591456282727,1.882,23.3793,"2025-04-11T02:25:24.521Z",2.8349
"Medidor 2 - L9","Corriente L3","A",4.51591456282727,1.882,23.3793,"2025-04-11T02:26:24.577Z",2.869
"Medidor 2 - L9","Corriente L3","A",4.51591456282727,1.882,23.3793,"2025-04-11T02:27:24.732Z",2.8614
"Medidor 2 - L9","Corriente L3","A",4.51591456282727,1.882,23.3793,"2025-04-11T02:28:24.768Z",2.8334
"Medidor 2 - L9","Corriente L3","A",4.51591456282727,1.882,23.3793,"2025-04-11T02:29:24.851Z",2.8784
"Medidor 2 - L9","Corriente L3","A",4.51591456282727,1.882,23.3793,"2025-04-11T02:30:24.934Z",2.8688
"Medidor 2 - L9","Corriente L3","A",4.51591456282727,1.882,23.3793,"2025-04-11T02:31:25.009Z",2.8237
"Medidor 2 - L9","Corriente L3","A",4.51591456282727,1.882,23.3793,"2025-04-11T02:32:25.136Z",2.8739
"Medidor 2 - L9","Corriente L3","A",4.51591456282727,1.882,23.3793,"2025-04-11T02:33:25.158Z",2.8852
"Medidor 2 - L9","Corriente L3","A",4.51591456282727,1.882,23.3793,"2025-04-11T02:34:25.309Z",2.8601
"Medidor 2 - L9","Corriente L3","A",4.51591456282727,1.882,23.3793,"2025-04-11T02:35:25.344Z",2.8241
"Medidor 2 - L9","Corriente L3","A",4.51591456282727,1.882,23.3793,"2025-04-11T02:36:25.451Z",2.8707
"Medidor 2 - L9","Corriente L3","A",4.51591456282727,1.882,23.3793,"2025-04-11T02:37:25.586Z",2.8027
"Medidor 2 - L9","Corriente L3","A",4.51591456282727,1.882,23.3793,"2025-04-11T02:38:25.657Z",2.8132
"Medidor 2 - L9","Corriente L3","A",4.51591456282727,1.882,23.3793,"2025-04-11T02:39:25.770Z",2.8631
"Medidor 2 - L9","Corriente L3","A",4.51591456282727,1.882,23.3793,"2025-04-11T02:40:25.845Z",2.8599
"Medidor 2 - L9","Corriente L3","A",4.51591456282727,1.882,23.3793,"2025-04-11T02:41:25.950Z",2.8974
"Medidor 2 - L9","Corriente L3","A",4.51591456282727,1.882,23.3793,"2025-04-11T02:42:26.010Z",2.2505
"Medidor 2 - L9","Corriente L3","A",4.51591456282727,1.882,23.3793,"2025-04-11T02:43:26.127Z",2.2937
"Medidor 2 - L9","Corriente L3","A",4.51591456282727,1.882,23.3793,"2025-04-11T02:44:26.132Z",3.7131
"Medidor 2 - L9","Corriente L3","A",4.51591456282727,1.882,23.3793,"2025-04-11T02:45:26.275Z",3.6546
"Medidor 2 - L9","Corriente L3","A",4.51591456282727,1.882,23.3793,"2025-04-11T02:46:26.350Z",2.2523
"Medidor 2 - L9","Corriente L3","A",4.51591456282727,1.882,23.3793,"2025-04-11T02:47:26.403Z",2.2467
"Medidor 2 - L9","Corriente L3","A",4.51591456282727,1.882,23.3793,"2025-04-11T02:48:26.577Z",2.2631
"Medidor 2 - L9","Corriente L3","A",4.51591456282727,1.882,23.3793,"2025-04-11T02:49:26.601Z",2.2273
"Medidor 2 - L9","Corriente L3","A",4.51591456282727,1.882,23.3793,"2025-04-11T02:50:26.676Z",2.2674
"Medidor 2 - L9","Corriente L3","A",4.51591456282727,1.882,23.3793,"2025-04-11T02:51:26.743Z",2.2745
"Medidor 2 - L9","Corriente L3","A",4.51591456282727,1.882,23.3793,"2025-04-11T02:52:26.925Z",2.2327
"Medidor 2 - L9","Corriente L3","A",4.51591456282727,1.882,23.3793,"2025-04-11T02:53:27.166Z",2.2847
"Medidor 2 - L9","Corriente L3","A",4.51591456282727,1.882,23.3793,"2025-04-11T02:54:27.119Z",2.2825
"Medidor 2 - L9","Corriente L3","A",4.51591456282727,1.882,23.3793,"2025-04-11T02:55:27.233Z",2.2312
"Medidor 2 - L9","Corriente L3","A",4.51591456282727,1.882,23.3793,"2025-04-11T02:56:27.318Z",2.2571
"Medidor 2 - L9","Corriente L3","A",4.51591456282727,1.882,23.3793,"2025-04-11T02:57:27.449Z",2.2674
"Medidor 2 - L9","Corriente L3","A",4.51591456282727,1.882,23.3793,"2025-04-11T02:58:27.456Z",2.219
"Medidor 2 - L9","Corriente L3","A",4.51591456282727,1.882,23.3793,"2025-04-11T02:59:27.535Z",2.2577
"Medidor 2 - L9","Corriente L3","A",4.51591456282727,1.882,23.3793,"2025-04-11T03:00:27.588Z",2.2545
"Medidor 2 - L9","Corriente L3","A",4.51591456282727,1.882,23.3793,"2025-04-11T03:01:27.608Z",2.4305
"Medidor 2 - L9","Corriente L3","A",4.51591456282727,1.882,23.3793,"2025-04-11T03:02:27.723Z",2.3651
"Medidor 2 - L9","Corriente L3","A",4.51591456282727,1.882,23.3793,"2025-04-11T03:03:27.822Z",2.4476
"Medidor 2 - L9","Corriente L3","A",4.51591456282727,1.882,23.3793,"2025-04-11T03:04:27.869Z",2.4462
"Medidor 2 - L9","Corriente L3","A",4.51591456282727,1.882,23.3793,"2025-04-11T03:05:27.958Z",2.4014
"Medidor 2 - L9","Corriente L3","A",4.51591456282727,1.882,23.3793,"2025-04-11T03:06:27.993Z",2.4371
"Medidor 2 - L9","Corriente L3","A",4.51591456282727,1.882,23.3793,"2025-04-11T03:07:29.026Z",2.4048
"Medidor 2 - L9","Corriente L3","A",4.51591456282727,1.882,23.3793,"2025-04-11T03:08:28.228Z",2.4135
"Medidor 2 - L9","Corriente L3","A",4.51591456282727,1.882,23.3793,"2025-04-11T03:09:28.257Z",2.3813
"Medidor 2 - L9","Corriente L3","A",4.51591456282727,1.882,23.3793,"2025-04-11T03:10:28.377Z",2.4021
"Medidor 2 - L9","Corriente L3","A",4.51591456282727,1.882,23.3793,"2025-04-11T03:11:28.458Z",2.3838
"Medidor 2 - L9","Corriente L3","A",4.51591456282727,1.882,23.3793,"2025-04-11T03:12:28.526Z",2.3666
"Medidor 2 - L9","Corriente L3","A",4.51591456282727,1.882,23.3793,"2025-04-11T03:13:28.666Z",2.3905
"Medidor 2 - L9","Corriente L3","A",4.51591456282727,1.882,23.3793,"2025-04-11T03:14:28.736Z",2.3853
"Medidor 2 - L9","Corriente L3","A",4.51591456282727,1.882,23.3793,"2025-04-11T03:15:28.806Z",2.3527
"Medidor 2 - L9","Corriente L3","A",4.51591456282727,1.882,23.3793,"2025-04-11T03:16:28.918Z",2.3977
"Medidor 2 - L9","Corriente L3","A",4.51591456282727,1.882,23.3793,"2025-04-11T03:17:28.974Z",2.4085
"Medidor 2 - L9","Corriente L3","A",4.51591456282727,1.882,23.3793,"2025-04-11T03:18:29.083Z",2.4076
"Medidor 2 - L9","Corriente L3","A",4.51591456282727,1.882,23.3793,"2025-04-11T03:19:29.206Z",2.3781
"Medidor 2 - L9","Corriente L3","A",4.51591456282727,1.882,23.3793,"2025-04-11T03:20:29.318Z",2.4785
"Medidor 2 - L9","Corriente L3","A",4.51591456282727,1.882,23.3793,"2025-04-11T03:21:29.315Z",2.455
"Medidor 2 - L9","Corriente L3","A",4.51591456282727,1.882,23.3793,"2025-04-11T03:22:29.474Z",2.4032
"Medidor 2 - L9","Corriente L3","A",4.51591456282727,1.882,23.3793,"2025-04-11T03:23:29.515Z",3.6265
"Medidor 2 - L9","Corriente L3","A",4.51591456282727,1.882,23.3793,"2025-04-11T03:24:29.643Z",3.6706
"Medidor 2 - L9","Corriente L3","A",4.51591456282727,1.882,23.3793,"2025-04-11T03:25:29.701Z",2.4301
"Medidor 2 - L9","Corriente L3","A",4.51591456282727,1.882,23.3793,"2025-04-11T03:26:29.720Z",2.4569
"Medidor 2 - L9","Corriente L3","A",4.51591456282727,1.882,23.3793,"2025-04-11T03:27:29.751Z",2.4603
"Medidor 2 - L9","Corriente L3","A",4.51591456282727,1.882,23.3793,"2025-04-11T03:28:29.919Z",2.4418
"Medidor 2 - L9","Corriente L3","A",4.51591456282727,1.882,23.3793,"2025-04-11T03:29:30.005Z",2.3919
"Medidor 2 - L9","Corriente L3","A",4.51591456282727,1.882,23.3793,"2025-04-11T03:30:30.084Z",2.4274
"Medidor 2 - L9","Corriente L3","A",4.51591456282727,1.882,23.3793,"2025-04-11T03:31:30.213Z",2.4334
"Medidor 2 - L9","Corriente L3","A",4.51591456282727,1.882,23.3793,"2025-04-11T03:32:30.224Z",2.3884
"Medidor 2 - L9","Corriente L3","A",4.51591456282727,1.882,23.3793,"2025-04-11T03:33:30.294Z",2.4332
"Medidor 2 - L9","Corriente L3","A",4.51591456282727,1.882,23.3793,"2025-04-11T03:34:30.396Z",2.443
"Medidor 2 - L9","Corriente L3","A",4.51591456282727,1.882,23.3793,"2025-04-11T03:35:30.527Z",2.4405
"Medidor 2 - L9","Corriente L3","A",4.51591456282727,1.882,23.3793,"2025-04-11T03:36:31.985Z",2.4016
"Medidor 2 - L9","Corriente L3","A",4.51591456282727,1.882,23.3793,"2025-04-11T03:37:30.649Z",2.4291
"Medidor 2 - L9","Corriente L3","A",4.51591456282727,1.882,23.3793,"2025-04-11T03:38:30.791Z",2.4467
"Medidor 2 - L9","Corriente L3","A",4.51591456282727,1.882,23.3793,"2025-04-11T03:39:30.897Z",2.3989
"Medidor 2 - L9","Corriente L3","A",4.51591456282727,1.882,23.3793,"2025-04-11T03:40:30.970Z",2.4283
"Medidor 2 - L9","Corriente L3","A",4.51591456282727,1.882,23.3793,"2025-04-11T03:41:30.965Z",2.4194
"Medidor 2 - L9","Corriente L3","A",4.51591456282727,1.882,23.3793,"2025-04-11T03:42:31.063Z",2.3738
"Medidor 2 - L9","Corriente L3","A",4.51591456282727,1.882,23.3793,"2025-04-11T03:43:31.122Z",2.3312
"Medidor 2 - L9","Corriente L3","A",4.51591456282727,1.882,23.3793,"2025-04-11T03:44:31.238Z",2.4104
"Medidor 2 - L9","Corriente L3","A",4.51591456282727,1.882,23.3793,"2025-04-11T03:45:31.314Z",2.4166
"Medidor 2 - L9","Corriente L3","A",4.51591456282727,1.882,23.3793,"2025-04-11T03:46:31.422Z",2.403
"Medidor 2 - L9","Corriente L3","A",4.51591456282727,1.882,23.3793,"2025-04-11T03:47:31.392Z",2.3406
"Medidor 2 - L9","Corriente L3","A",4.51591456282727,1.882,23.3793,"2025-04-11T03:48:31.528Z",2.4382
"Medidor 2 - L9","Corriente L3","A",4.51591456282727,1.882,23.3793,"2025-04-11T03:49:31.645Z",2.4035
"Medidor 2 - L9","Corriente L3","A",4.51591456282727,1.882,23.3793,"2025-04-11T03:50:31.732Z",2.342
"Medidor 2 - L9","Corriente L3","A",4.51591456282727,1.882,23.3793,"2025-04-11T03:51:31.843Z",2.4206
"Medidor 2 - L9","Corriente L3","A",4.51591456282727,1.882,23.3793,"2025-04-11T03:52:31.884Z",2.4293
"Medidor 2 - L9","Corriente L3","A",4.51591456282727,1.882,23.3793,"2025-04-11T03:53:31.985Z",2.3575
"Medidor 2 - L9","Corriente L3","A",4.51591456282727,1.882,23.3793,"2025-04-11T03:54:32.167Z",2.4015
"Medidor 2 - L9","Corriente L3","A",4.51591456282727,1.882,23.3793,"2025-04-11T03:55:32.191Z",2.3988
"Medidor 2 - L9","Corriente L3","A",4.51591456282727,1.882,23.3793,"2025-04-11T03:56:32.262Z",2.4158
"Medidor 2 - L9","Corriente L3","A",4.51591456282727,1.882,23.3793,"2025-04-11T03:57:32.418Z",2.3695
"Medidor 2 - L9","Corriente L3","A",4.51591456282727,1.882,23.3793,"2025-04-11T03:58:32.502Z",2.4385
"Medidor 2 - L9","Corriente L3","A",4.51591456282727,1.882,23.3793,"2025-04-11T03:59:32.515Z",2.4323
"Medidor 2 - L9","Corriente L3","A",4.51591456282727,1.882,23.3793,"2025-04-11T04:00:32.602Z",2.4055
"Medidor 2 - L9","Corriente L3","A",4.51591456282727,1.882,23.3793,"2025-04-11T04:01:32.714Z",2.4389
"Medidor 2 - L9","Corriente L3","A",4.51591456282727,1.882,23.3793,"2025-04-11T04:02:32.784Z",3.6378
"Medidor 2 - L9","Corriente L3","A",4.51591456282727,1.882,23.3793,"2025-04-11T04:03:32.881Z",3.5962
"Medidor 2 - L9","Corriente L3","A",4.51591456282727,1.882,23.3793,"2025-04-11T04:04:32.957Z",2.473
"Medidor 2 - L9","Corriente L3","A",4.51591456282727,1.882,23.3793,"2025-04-11T04:05:32.963Z",2.4754
"Medidor 2 - L9","Corriente L3","A",4.51591456282727,1.882,23.3793,"2025-04-11T04:06:33.121Z",2.2868
"Medidor 2 - L9","Corriente L3","A",4.51591456282727,1.882,23.3793,"2025-04-11T04:07:33.220Z",2.2995
"Medidor 2 - L9","Corriente L3","A",4.51591456282727,1.882,23.3793,"2025-04-11T04:08:33.302Z",2.2623
"Medidor 2 - L9","Corriente L3","A",4.51591456282727,1.882,23.3793,"2025-04-11T04:09:33.420Z",2.2879
"Medidor 2 - L9","Corriente L3","A",4.51591456282727,1.882,23.3793,"2025-04-11T04:10:33.521Z",2.2541
"Medidor 2 - L9","Corriente L3","A",4.51591456282727,1.882,23.3793,"2025-04-11T04:11:33.631Z",2.2501
"Medidor 2 - L9","Corriente L3","A",4.51591456282727,1.882,23.3793,"2025-04-11T04:12:33.640Z",2.2655
"Medidor 2 - L9","Corriente L3","A",4.51591456282727,1.882,23.3793,"2025-04-11T04:13:33.766Z",2.1795
"Medidor 2 - L9","Corriente L3","A",4.51591456282727,1.882,23.3793,"2025-04-11T04:14:33.828Z",2.2789
"Medidor 2 - L9","Corriente L3","A",4.51591456282727,1.882,23.3793,"2025-04-11T04:15:33.946Z",2.2448
"Medidor 2 - L9","Corriente L3","A",4.51591456282727,1.882,23.3793,"2025-04-11T04:16:34.028Z",2.2697
"Medidor 2 - L9","Corriente L3","A",4.51591456282727,1.882,23.3793,"2025-04-11T04:17:34.068Z",2.2744
"Medidor 2 - L9","Corriente L3","A",4.51591456282727,1.882,23.3793,"2025-04-11T04:18:34.179Z",2.2829
"Medidor 2 - L9","Corriente L3","A",4.51591456282727,1.882,23.3793,"2025-04-11T04:19:34.285Z",2.2756
"Medidor 2 - L9","Corriente L3","A",4.51591456282727,1.882,23.3793,"2025-04-11T04:20:34.404Z",2.2029
"Medidor 2 - L9","Corriente L3","A",4.51591456282727,1.882,23.3793,"2025-04-11T04:21:34.380Z",2.2953
"Medidor 2 - L9","Corriente L3","A",4.51591456282727,1.882,23.3793,"2025-04-11T04:22:34.491Z",2.2478
"Medidor 2 - L9","Corriente L3","A",4.51591456282727,1.882,23.3793,"2025-04-11T04:23:34.555Z",2.2094
"Medidor 2 - L9","Corriente L3","A",4.51591456282727,1.882,23.3793,"2025-04-11T04:24:34.556Z",2.1796
"Medidor 2 - L9","Corriente L3","A",4.51591456282727,1.882,23.3793,"2025-04-11T04:25:34.743Z",2.1629
"Medidor 2 - L9","Corriente L3","A",4.51591456282727,1.882,23.3793,"2025-04-11T04:26:34.797Z",2.1847
"Medidor 2 - L9","Corriente L3","A",4.51591456282727,1.882,23.3793,"2025-04-11T04:27:34.861Z",2.1565
"Medidor 2 - L9","Corriente L3","A",4.51591456282727,1.882,23.3793,"2025-04-11T04:28:34.938Z",2.1866
"Medidor 2 - L9","Corriente L3","A",4.51591456282727,1.882,23.3793,"2025-04-11T04:29:34.950Z",2.1813
"Medidor 2 - L9","Corriente L3","A",4.51591456282727,1.882,23.3793,"2025-04-11T04:30:35.026Z",2.1696
"Medidor 2 - L9","Corriente L3","A",4.51591456282727,1.882,23.3793,"2025-04-11T04:31:35.206Z",2.1023
"Medidor 2 - L9","Corriente L3","A",4.51591456282727,1.882,23.3793,"2025-04-11T04:32:35.293Z",2.1053
"Medidor 2 - L9","Corriente L3","A",4.51591456282727,1.882,23.3793,"2025-04-11T04:33:35.384Z",2.1832
"Medidor 2 - L9","Corriente L3","A",4.51591456282727,1.882,23.3793,"2025-04-11T04:34:35.454Z",2.1495
"Medidor 2 - L9","Corriente L3","A",4.51591456282727,1.882,23.3793,"2025-04-11T04:35:35.593Z",2.1371
"Medidor 2 - L9","Corriente L3","A",4.51591456282727,1.882,23.3793,"2025-04-11T04:36:35.685Z",2.154
"Medidor 2 - L9","Corriente L3","A",4.51591456282727,1.882,23.3793,"2025-04-11T04:37:35.784Z",2.1504
"Medidor 2 - L9","Corriente L3","A",4.51591456282727,1.882,23.3793,"2025-04-11T04:38:35.897Z",2.1363
"Medidor 2 - L9","Corriente L3","A",4.51591456282727,1.882,23.3793,"2025-04-11T04:39:35.985Z",2.1581
"Medidor 2 - L9","Corriente L3","A",4.51591456282727,1.882,23.3793,"2025-04-11T04:40:36.061Z",2.1991
"Medidor 2 - L9","Corriente L3","A",4.51591456282727,1.882,23.3793,"2025-04-11T04:41:36.115Z",2.2015
"Medidor 2 - L9","Corriente L3","A",4.51591456282727,1.882,23.3793,"2025-04-11T04:42:36.188Z",2.1633
"Medidor 2 - L9","Corriente L3","A",4.51591456282727,1.882,23.3793,"2025-04-11T04:43:36.292Z",3.3459
"Medidor 2 - L9","Corriente L3","A",4.51591456282727,1.882,23.3793,"2025-04-11T04:44:36.340Z",3.5741
"Medidor 2 - L9","Corriente L3","A",4.51591456282727,1.882,23.3793,"2025-04-11T04:45:36.406Z",3.5856
"Medidor 2 - L9","Corriente L3","A",4.51591456282727,1.882,23.3793,"2025-04-11T04:46:36.501Z",2.1658
"Medidor 2 - L9","Corriente L3","A",4.51591456282727,1.882,23.3793,"2025-04-11T04:47:36.563Z",2.1863
"Medidor 2 - L9","Corriente L3","A",4.51591456282727,1.882,23.3793,"2025-04-11T04:48:36.716Z",2.206
"Medidor 2 - L9","Corriente L3","A",4.51591456282727,1.882,23.3793,"2025-04-11T04:49:36.806Z",2.1471
"Medidor 2 - L9","Corriente L3","A",4.51591456282727,1.882,23.3793,"2025-04-11T04:50:36.822Z",2.2402
"Medidor 2 - L9","Corriente L3","A",4.51591456282727,1.882,23.3793,"2025-04-11T04:51:36.930Z",2.2258
"Medidor 2 - L9","Corriente L3","A",4.51591456282727,1.882,23.3793,"2025-04-11T04:52:37.035Z",2.2105
"Medidor 2 - L9","Corriente L3","A",4.51591456282727,1.882,23.3793,"2025-04-11T04:53:37.110Z",2.1601
"Medidor 2 - L9","Corriente L3","A",4.51591456282727,1.882,23.3793,"2025-04-11T04:54:37.187Z",2.3928
"Medidor 2 - L9","Corriente L3","A",4.51591456282727,1.882,23.3793,"2025-04-11T04:55:37.314Z",2.3942
"Medidor 2 - L9","Corriente L3","A",4.51591456282727,1.882,23.3793,"2025-04-11T04:56:37.351Z",2.3224
"Medidor 2 - L9","Corriente L3","A",4.51591456282727,1.882,23.3793,"2025-04-11T04:57:37.491Z",2.392
"Medidor 2 - L9","Corriente L3","A",4.51591456282727,1.882,23.3793,"2025-04-11T04:58:37.623Z",2.3852
"Medidor 2 - L9","Corriente L3","A",4.51591456282727,1.882,23.3793,"2025-04-11T04:59:37.718Z",2.386
"Medidor 2 - L9","Corriente L3","A",4.51591456282727,1.882,23.3793,"2025-04-11T05:00:37.718Z",2.3818
"Medidor 2 - L9","Corriente L3","A",4.51591456282727,1.882,23.3793,"2025-04-11T05:01:37.849Z",2.3725
"Medidor 2 - L9","Corriente L3","A",4.51591456282727,1.882,23.3793,"2025-04-11T05:02:37.927Z",2.3427
"Medidor 2 - L9","Corriente L3","A",4.51591456282727,1.882,23.3793,"2025-04-11T05:03:37.948Z",2.2702
"Medidor 2 - L9","Corriente L3","A",4.51591456282727,1.882,23.3793,"2025-04-11T05:04:38.047Z",2.3219
"Medidor 2 - L9","Corriente L3","A",4.51591456282727,1.882,23.3793,"2025-04-11T05:05:38.245Z",2.3543
"Medidor 2 - L9","Corriente L3","A",4.51591456282727,1.882,23.3793,"2025-04-11T05:06:38.241Z",2.3451
"Medidor 2 - L9","Corriente L3","A",4.51591456282727,1.882,23.3793,"2025-04-11T05:07:38.403Z",2.3102
"Medidor 2 - L9","Corriente L3","A",4.51591456282727,1.882,23.3793,"2025-04-11T05:08:38.497Z",2.3551
"Medidor 2 - L9","Corriente L3","A",4.51591456282727,1.882,23.3793,"2025-04-11T05:09:38.512Z",2.3545
"Medidor 2 - L9","Corriente L3","A",4.51591456282727,1.882,23.3793,"2025-04-11T05:10:38.561Z",2.344
"Medidor 2 - L9","Corriente L3","A",4.51591456282727,1.882,23.3793,"2025-04-11T05:11:38.649Z",2.3273
"Medidor 2 - L9","Corriente L3","A",4.51591456282727,1.882,23.3793,"2025-04-11T05:12:38.618Z",2.3474
"Medidor 2 - L9","Corriente L3","A",4.51591456282727,1.882,23.3793,"2025-04-11T05:13:38.747Z",2.3276
"Medidor 2 - L9","Corriente L3","A",4.51591456282727,1.882,23.3793,"2025-04-11T05:14:38.836Z",2.2789
"Medidor 2 - L9","Corriente L3","A",4.51591456282727,1.882,23.3793,"2025-04-11T05:15:38.952Z",2.3362
"Medidor 2 - L9","Corriente L3","A",4.51591456282727,1.882,23.3793,"2025-04-11T05:16:39.082Z",2.3057
"Medidor 2 - L9","Corriente L3","A",4.51591456282727,1.882,23.3793,"2025-04-11T05:17:39.098Z",2.3536
"Medidor 2 - L9","Corriente L3","A",4.51591456282727,1.882,23.3793,"2025-04-11T05:18:39.206Z",2.3367
"Medidor 2 - L9","Corriente L3","A",4.51591456282727,1.882,23.3793,"2025-04-11T05:19:39.417Z",2.3964
"Medidor 2 - L9","Corriente L3","A",4.51591456282727,1.882,23.3793,"2025-04-11T05:20:39.428Z",2.3975
"Medidor 2 - L9","Corriente L3","A",4.51591456282727,1.882,23.3793,"2025-04-11T05:21:39.571Z",2.39
"Medidor 2 - L9","Corriente L3","A",4.51591456282727,1.882,23.3793,"2025-04-11T05:22:39.623Z",3.5062
"Medidor 2 - L9","Corriente L3","A",4.51591456282727,1.882,23.3793,"2025-04-11T05:23:39.629Z",3.5232
"Medidor 2 - L9","Corriente L3","A",4.51591456282727,1.882,23.3793,"2025-04-11T05:24:39.801Z",2.3718
"Medidor 2 - L9","Corriente L3","A",4.51591456282727,1.882,23.3793,"2025-04-11T05:25:39.835Z",2.351
"Medidor 2 - L9","Corriente L3","A",4.51591456282727,1.882,23.3793,"2025-04-11T05:26:39.939Z",2.2936
"Medidor 2 - L9","Corriente L3","A",4.51591456282727,1.882,23.3793,"2025-04-11T05:27:39.945Z",2.4019
"Medidor 2 - L9","Corriente L3","A",4.51591456282727,1.882,23.3793,"2025-04-11T05:28:40.068Z",2.4296
"Medidor 2 - L9","Corriente L3","A",4.51591456282727,1.882,23.3793,"2025-04-11T05:29:40.194Z",2.328
"Medidor 2 - L9","Corriente L3","A",4.51591456282727,1.882,23.3793,"2025-04-11T05:30:40.234Z",2.3687
"Medidor 2 - L9","Corriente L3","A",4.51591456282727,1.882,23.3793,"2025-04-11T05:31:40.391Z",2.4134
"Medidor 2 - L9","Corriente L3","A",4.51591456282727,1.882,23.3793,"2025-04-11T05:32:40.469Z",2.4037
"Medidor 2 - L9","Corriente L3","A",4.51591456282727,1.882,23.3793,"2025-04-11T05:33:40.587Z",2.4153
"Medidor 2 - L9","Corriente L3","A",4.51591456282727,1.882,23.3793,"2025-04-11T05:34:40.708Z",2.4479
"Medidor 2 - L9","Corriente L3","A",4.51591456282727,1.882,23.3793,"2025-04-11T05:35:40.801Z",2.4128
"Medidor 2 - L9","Corriente L3","A",4.51591456282727,1.882,23.3793,"2025-04-11T05:36:40.885Z",2.3494
"Medidor 2 - L9","Corriente L3","A",4.51591456282727,1.882,23.3793,"2025-04-11T05:37:40.987Z",2.3983
"Medidor 2 - L9","Corriente L3","A",4.51591456282727,1.882,23.3793,"2025-04-11T05:38:41.052Z",2.4088
"Medidor 2 - L9","Corriente L3","A",4.51591456282727,1.882,23.3793,"2025-04-11T05:39:41.118Z",2.3933
"Medidor 2 - L9","Corriente L3","A",4.51591456282727,1.882,23.3793,"2025-04-11T05:40:41.237Z",2.3199
"Medidor 2 - L9","Corriente L3","A",4.51591456282727,1.882,23.3793,"2025-04-11T05:41:41.310Z",2.346
"Medidor 2 - L9","Corriente L3","A",4.51591456282727,1.882,23.3793,"2025-04-11T05:42:41.344Z",2.3608
"Medidor 2 - L9","Corriente L3","A",4.51591456282727,1.882,23.3793,"2025-04-11T05:43:41.465Z",2.3739
"Medidor 2 - L9","Corriente L3","A",4.51591456282727,1.882,23.3793,"2025-04-11T05:44:41.552Z",2.3383
"Medidor 2 - L9","Corriente L3","A",4.51591456282727,1.882,23.3793,"2025-04-11T05:45:41.702Z",2.3617
"Medidor 2 - L9","Corriente L3","A",4.51591456282727,1.882,23.3793,"2025-04-11T05:46:41.825Z",2.3649
"Medidor 2 - L9","Corriente L3","A",4.51591456282727,1.882,23.3793,"2025-04-11T05:47:41.850Z",2.3333
"Medidor 2 - L9","Corriente L3","A",4.51591456282727,1.882,23.3793,"2025-04-11T05:48:41.904Z",2.3885
"Medidor 2 - L9","Corriente L3","A",4.51591456282727,1.882,23.3793,"2025-04-11T05:49:42.080Z",2.376
"Medidor 2 - L9","Corriente L3","A",4.51591456282727,1.882,23.3793,"2025-04-11T05:50:42.090Z",2.3963
"Medidor 2 - L9","Corriente L3","A",4.51591456282727,1.882,23.3793,"2025-04-11T05:51:42.182Z",2.3801
"Medidor 2 - L9","Corriente L3","A",4.51591456282727,1.882,23.3793,"2025-04-11T05:52:42.316Z",2.397
"Medidor 2 - L9","Corriente L3","A",4.51591456282727,1.882,23.3793,"2025-04-11T05:53:42.433Z",2.4283
"Medidor 2 - L9","Corriente L3","A",4.51591456282727,1.882,23.3793,"2025-04-11T05:54:42.538Z",2.4189
"Medidor 2 - L9","Corriente L3","A",4.51591456282727,1.882,23.3793,"2025-04-11T05:55:42.657Z",2.3852
"Medidor 2 - L9","Corriente L3","A",4.51591456282727,1.882,23.3793,"2025-04-11T05:56:42.782Z",2.4376
"Medidor 2 - L9","Corriente L3","A",4.51591456282727,1.882,23.3793,"2025-04-11T05:57:42.854Z",2.4197
"Medidor 2 - L9","Corriente L3","A",4.51591456282727,1.882,23.3793,"2025-04-11T05:58:42.868Z",2.4361
"Medidor 2 - L9","Corriente L3","A",4.51591456282727,1.882,23.3793,"2025-04-11T05:59:42.979Z",3.5804
"Medidor 2 - L9","Corriente L3","A",4.51591456282727,1.882,23.3793,"2025-04-11T06:00:43.105Z",3.6103
"Medidor 2 - L9","Corriente L3","A",4.51591456282727,1.882,23.3793,"2025-04-11T06:01:43.210Z",3.6042
"Medidor 2 - L9","Corriente L3","A",4.51591456282727,1.882,23.3793,"2025-04-11T06:02:43.213Z",2.375
"Medidor 2 - L9","Corriente L3","A",4.51591456282727,1.882,23.3793,"2025-04-11T06:03:43.283Z",2.4293
"Medidor 2 - L9","Corriente L3","A",4.51591456282727,1.882,23.3793,"2025-04-11T06:04:43.413Z",2.4307
"Medidor 2 - L9","Corriente L3","A",4.51591456282727,1.882,23.3793,"2025-04-11T06:05:43.510Z",2.4355
"Medidor 2 - L9","Corriente L3","A",4.51591456282727,1.882,23.3793,"2025-04-11T06:06:43.548Z",2.4129
"Medidor 2 - L9","Corriente L3","A",4.51591456282727,1.882,23.3793,"2025-04-11T06:07:43.692Z",2.4369
"Medidor 2 - L9","Corriente L3","A",4.51591456282727,1.882,23.3793,"2025-04-11T06:08:43.772Z",2.4346
"Medidor 2 - L9","Corriente L3","A",4.51591456282727,1.882,23.3793,"2025-04-11T06:09:43.900Z",2.3906
"Medidor 2 - L9","Corriente L3","A",4.51591456282727,1.882,23.3793,"2025-04-11T06:10:43.913Z",2.4302
"Medidor 2 - L9","Corriente L3","A",4.51591456282727,1.882,23.3793,"2025-04-11T06:11:44.031Z",2.4476
"Medidor 2 - L9","Corriente L3","A",4.51591456282727,1.882,23.3793,"2025-04-11T06:12:44.143Z",2.3479
"Medidor 2 - L9","Corriente L3","A",4.51591456282727,1.882,23.3793,"2025-04-11T06:13:44.190Z",2.4487
"Medidor 2 - L9","Corriente L3","A",4.51591456282727,1.882,23.3793,"2025-04-11T06:14:44.294Z",2.2273
"Medidor 2 - L9","Corriente L3","A",4.51591456282727,1.882,23.3793,"2025-04-11T06:15:44.399Z",2.2389
"Medidor 2 - L9","Corriente L3","A",4.51591456282727,1.882,23.3793,"2025-04-11T06:16:44.494Z",2.185
"Medidor 2 - L9","Corriente L3","A",4.51591456282727,1.882,23.3793,"2025-04-11T06:17:44.573Z",2.2639
"Medidor 2 - L9","Corriente L3","A",4.51591456282727,1.882,23.3793,"2025-04-11T06:18:44.698Z",2.2602
"Medidor 2 - L9","Corriente L3","A",4.51591456282727,1.882,23.3793,"2025-04-11T06:19:44.767Z",2.1655
"Medidor 2 - L9","Corriente L3","A",4.51591456282727,1.882,23.3793,"2025-04-11T06:20:44.791Z",2.211
"Medidor 2 - L9","Corriente L3","A",4.51591456282727,1.882,23.3793,"2025-04-11T06:21:44.943Z",2.2214
"Medidor 2 - L9","Corriente L3","A",4.51591456282727,1.882,23.3793,"2025-04-11T06:22:45.041Z",2.1708
"Medidor 2 - L9","Corriente L3","A",4.51591456282727,1.882,23.3793,"2025-04-11T06:23:45.122Z",2.202
"Medidor 2 - L9","Corriente L3","A",4.51591456282727,1.882,23.3793,"2025-04-11T06:24:45.392Z",2.2106
"Medidor 2 - L9","Corriente L3","A",4.51591456282727,1.882,23.3793,"2025-04-11T06:25:45.237Z",2.1764
"Medidor 2 - L9","Corriente L3","A",4.51591456282727,1.882,23.3793,"2025-04-11T06:26:45.349Z",2.2279
"Medidor 2 - L9","Corriente L3","A",4.51591456282727,1.882,23.3793,"2025-04-11T06:27:45.475Z",2.2031
"Medidor 2 - L9","Corriente L3","A",4.51591456282727,1.882,23.3793,"2025-04-11T06:28:45.567Z",2.2108
"Medidor 2 - L9","Corriente L3","A",4.51591456282727,1.882,23.3793,"2025-04-11T06:29:45.568Z",2.1591
"Medidor 2 - L9","Corriente L3","A",4.51591456282727,1.882,23.3793,"2025-04-11T06:30:45.633Z",2.1949
"Medidor 2 - L9","Corriente L3","A",4.51591456282727,1.882,23.3793,"2025-04-11T06:31:45.693Z",2.2073
"Medidor 2 - L9","Corriente L3","A",4.51591456282727,1.882,23.3793,"2025-04-11T06:32:45.911Z",2.2219
"Medidor 2 - L9","Corriente L3","A",4.51591456282727,1.882,23.3793,"2025-04-11T06:33:45.933Z",2.215
"Medidor 2 - L9","Corriente L3","A",4.51591456282727,1.882,23.3793,"2025-04-11T06:34:46.062Z",2.2057
"Medidor 2 - L9","Corriente L3","A",4.51591456282727,1.882,23.3793,"2025-04-11T06:35:46.128Z",2.2786
"Medidor 2 - L9","Corriente L3","A",4.51591456282727,1.882,23.3793,"2025-04-11T06:36:46.227Z",2.2762
"Medidor 2 - L9","Corriente L3","A",4.51591456282727,1.882,23.3793,"2025-04-11T06:37:46.318Z",2.185
"Medidor 2 - L9","Corriente L3","A",4.51591456282727,1.882,23.3793,"2025-04-11T06:38:46.335Z",2.2092
"Medidor 2 - L9","Corriente L3","A",4.51591456282727,1.882,23.3793,"2025-04-11T06:39:46.375Z",3.6768
"Medidor 2 - L9","Corriente L3","A",4.51591456282727,1.882,23.3793,"2025-04-11T06:40:46.369Z",3.6412
"Medidor 2 - L9","Corriente L3","A",4.51591456282727,1.882,23.3793,"2025-04-11T06:41:46.455Z",3.6203
"Medidor 2 - L9","Corriente L3","A",4.51591456282727,1.882,23.3793,"2025-04-11T06:42:46.606Z",2.242
"Medidor 2 - L9","Corriente L3","A",4.51591456282727,1.882,23.3793,"2025-04-11T06:43:46.656Z",2.2467
"Medidor 2 - L9","Corriente L3","A",4.51591456282727,1.882,23.3793,"2025-04-11T06:44:46.787Z",2.193
"Medidor 2 - L9","Corriente L3","A",4.51591456282727,1.882,23.3793,"2025-04-11T06:45:46.846Z",2.2053
"Medidor 2 - L9","Corriente L3","A",4.51591456282727,1.882,23.3793,"2025-04-11T06:46:46.987Z",2.2727
"Medidor 2 - L9","Corriente L3","A",4.51591456282727,1.882,23.3793,"2025-04-11T06:47:47.041Z",2.2432
"Medidor 2 - L9","Corriente L3","A",4.51591456282727,1.882,23.3793,"2025-04-11T06:48:47.076Z",2.2181
"Medidor 2 - L9","Corriente L3","A",4.51591456282727,1.882,23.3793,"2025-04-11T06:49:47.214Z",2.261
"Medidor 2 - L9","Corriente L3","A",4.51591456282727,1.882,23.3793,"2025-04-11T06:50:47.296Z",2.2711
"Medidor 2 - L9","Corriente L3","A",4.51591456282727,1.882,23.3793,"2025-04-11T06:51:47.399Z",2.2673
"Medidor 2 - L9","Corriente L3","A",4.51591456282727,1.882,23.3793,"2025-04-11T06:52:47.524Z",2.257
"Medidor 2 - L9","Corriente L3","A",4.51591456282727,1.882,23.3793,"2025-04-11T06:53:47.557Z",2.3036
"Medidor 2 - L9","Corriente L3","A",4.51591456282727,1.882,23.3793,"2025-04-11T06:54:47.699Z",2.3393
"Medidor 2 - L9","Corriente L3","A",4.51591456282727,1.882,23.3793,"2025-04-11T06:55:47.790Z",2.2653
"Medidor 2 - L9","Corriente L3","A",4.51591456282727,1.882,23.3793,"2025-04-11T06:56:47.861Z",2.2798
"Medidor 2 - L9","Corriente L3","A",4.51591456282727,1.882,23.3793,"2025-04-11T06:57:47.929Z",2.3015
"Medidor 2 - L9","Corriente L3","A",4.51591456282727,1.882,23.3793,"2025-04-11T06:58:47.994Z",2.2444
"Medidor 2 - L9","Corriente L3","A",4.51591456282727,1.882,23.3793,"2025-04-11T06:59:48.084Z",2.3855
"Medidor 2 - L9","Corriente L3","A",4.51591456282727,1.882,23.3793,"2025-04-11T07:00:48.199Z",2.4219
"Medidor 2 - L9","Corriente L3","A",4.51591456282727,1.882,23.3793,"2025-04-11T07:01:48.277Z",2.4261
"Medidor 2 - L9","Corriente L3","A",4.51591456282727,1.882,23.3793,"2025-04-11T07:02:48.312Z",2.3345
"Medidor 2 - L9","Corriente L3","A",4.51591456282727,1.882,23.3793,"2025-04-11T07:03:48.437Z",2.4022
"Medidor 2 - L9","Corriente L3","A",4.51591456282727,1.882,23.3793,"2025-04-11T07:04:48.580Z",2.4221
"Medidor 2 - L9","Corriente L3","A",4.51591456282727,1.882,23.3793,"2025-04-11T07:05:48.703Z",2.398
"Medidor 2 - L9","Corriente L3","A",4.51591456282727,1.882,23.3793,"2025-04-11T07:06:48.807Z",2.3666
"Medidor 2 - L9","Corriente L3","A",4.51591456282727,1.882,23.3793,"2025-04-11T07:07:48.813Z",2.4212
"Medidor 2 - L9","Corriente L3","A",4.51591456282727,1.882,23.3793,"2025-04-11T07:08:48.956Z",2.413
"Medidor 2 - L9","Corriente L3","A",4.51591456282727,1.882,23.3793,"2025-04-11T07:09:49.023Z",2.373
"Medidor 2 - L9","Corriente L3","A",4.51591456282727,1.882,23.3793,"2025-04-11T07:10:49.142Z",2.4129
"Medidor 2 - L9","Corriente L3","A",4.51591456282727,1.882,23.3793,"2025-04-11T07:11:49.151Z",2.4015
"Medidor 2 - L9","Corriente L3","A",4.51591456282727,1.882,23.3793,"2025-04-11T07:12:49.258Z",2.4106
"Medidor 2 - L9","Corriente L3","A",4.51591456282727,1.882,23.3793,"2025-04-11T07:13:49.281Z",2.4068
"Medidor 2 - L9","Corriente L3","A",4.51591456282727,1.882,23.3793,"2025-04-11T07:14:49.434Z",2.4817
"Medidor 2 - L9","Corriente L3","A",4.51591456282727,1.882,23.3793,"2025-04-11T07:15:49.572Z",2.4859
"Medidor 2 - L9","Corriente L3","A",4.51591456282727,1.882,23.3793,"2025-04-11T07:16:49.680Z",2.4571
"Medidor 2 - L9","Corriente L3","A",4.51591456282727,1.882,23.3793,"2025-04-11T07:17:49.749Z",2.4295
"Medidor 2 - L9","Corriente L3","A",4.51591456282727,1.882,23.3793,"2025-04-11T07:18:49.863Z",3.6674
"Medidor 2 - L9","Corriente L3","A",4.51591456282727,1.882,23.3793,"2025-04-11T07:19:49.895Z",3.6918
"Medidor 2 - L9","Corriente L3","A",4.51591456282727,1.882,23.3793,"2025-04-11T07:20:49.996Z",2.4817
"Medidor 2 - L9","Corriente L3","A",4.51591456282727,1.882,23.3793,"2025-04-11T07:21:50.162Z",2.4465
"Medidor 2 - L9","Corriente L3","A",4.51591456282727,1.882,23.3793,"2025-04-11T07:22:50.232Z",2.4803
"Medidor 2 - L9","Corriente L3","A",4.51591456282727,1.882,23.3793,"2025-04-11T07:23:50.312Z",2.4757
"Medidor 2 - L9","Corriente L3","A",4.51591456282727,1.882,23.3793,"2025-04-11T07:24:50.372Z",2.4353
"Medidor 2 - L9","Corriente L3","A",4.51591456282727,1.882,23.3793,"2025-04-11T07:25:50.392Z",2.4964
"Medidor 2 - L9","Corriente L3","A",4.51591456282727,1.882,23.3793,"2025-04-11T07:26:50.491Z",2.4999
"Medidor 2 - L9","Corriente L3","A",4.51591456282727,1.882,23.3793,"2025-04-11T07:27:50.530Z",2.5256
"Medidor 2 - L9","Corriente L3","A",4.51591456282727,1.882,23.3793,"2025-04-11T07:28:50.576Z",2.4914
"Medidor 2 - L9","Corriente L3","A",4.51591456282727,1.882,23.3793,"2025-04-11T07:29:50.731Z",2.4716
"Medidor 2 - L9","Corriente L3","A",4.51591456282727,1.882,23.3793,"2025-04-11T07:30:50.719Z",2.4571
"Medidor 2 - L9","Corriente L3","A",4.51591456282727,1.882,23.3793,"2025-04-11T07:31:50.780Z",2.4397
"Medidor 2 - L9","Corriente L3","A",4.51591456282727,1.882,23.3793,"2025-04-11T07:32:50.880Z",2.4796
"Medidor 2 - L9","Corriente L3","A",4.51591456282727,1.882,23.3793,"2025-04-11T07:33:51.002Z",2.4503
"Medidor 2 - L9","Corriente L3","A",4.51591456282727,1.882,23.3793,"2025-04-11T07:34:51.090Z",2.4196
"Medidor 2 - L9","Corriente L3","A",4.51591456282727,1.882,23.3793,"2025-04-11T07:35:51.121Z",2.4892
"Medidor 2 - L9","Corriente L3","A",4.51591456282727,1.882,23.3793,"2025-04-11T07:36:51.301Z",2.4825
"Medidor 2 - L9","Corriente L3","A",4.51591456282727,1.882,23.3793,"2025-04-11T07:37:51.375Z",2.4796
"Medidor 2 - L9","Corriente L3","A",4.51591456282727,1.882,23.3793,"2025-04-11T07:38:51.448Z",2.4365
"Medidor 2 - L9","Corriente L3","A",4.51591456282727,1.882,23.3793,"2025-04-11T07:39:51.478Z",2.4383
"Medidor 2 - L9","Corriente L3","A",4.51591456282727,1.882,23.3793,"2025-04-11T07:40:51.583Z",2.4164
"Medidor 2 - L9","Corriente L3","A",4.51591456282727,1.882,23.3793,"2025-04-11T07:41:51.699Z",2.3918
"Medidor 2 - L9","Corriente L3","A",4.51591456282727,1.882,23.3793,"2025-04-11T07:42:51.766Z",2.4223
"Medidor 2 - L9","Corriente L3","A",4.51591456282727,1.882,23.3793,"2025-04-11T07:43:51.883Z",2.4285
"Medidor 2 - L9","Corriente L3","A",4.51591456282727,1.882,23.3793,"2025-04-11T07:44:51.955Z",2.3839
"Medidor 2 - L9","Corriente L3","A",4.51591456282727,1.882,23.3793,"2025-04-11T07:45:52.011Z",2.368
"Medidor 2 - L9","Corriente L3","A",4.51591456282727,1.882,23.3793,"2025-04-11T07:46:52.091Z",2.3989
"Medidor 2 - L9","Corriente L3","A",4.51591456282727,1.882,23.3793,"2025-04-11T07:47:52.149Z",2.3966
"Medidor 2 - L9","Corriente L3","A",4.51591456282727,1.882,23.3793,"2025-04-11T07:48:52.226Z",2.376
"Medidor 2 - L9","Corriente L3","A",4.51591456282727,1.882,23.3793,"2025-04-11T07:49:52.347Z",2.4257
"Medidor 2 - L9","Corriente L3","A",4.51591456282727,1.882,23.3793,"2025-04-11T07:50:52.448Z",2.3509
"Medidor 2 - L9","Corriente L3","A",4.51591456282727,1.882,23.3793,"2025-04-11T07:51:52.602Z",2.4362
"Medidor 2 - L9","Corriente L3","A",4.51591456282727,1.882,23.3793,"2025-04-11T07:52:52.689Z",2.4016
"Medidor 2 - L9","Corriente L3","A",4.51591456282727,1.882,23.3793,"2025-04-11T07:53:52.766Z",2.4526
"Medidor 2 - L9","Corriente L3","A",4.51591456282727,1.882,23.3793,"2025-04-11T07:54:52.809Z",2.4679
"Medidor 2 - L9","Corriente L3","A",4.51591456282727,1.882,23.3793,"2025-04-11T07:55:52.875Z",2.4512
"Medidor 2 - L9","Corriente L3","A",4.51591456282727,1.882,23.3793,"2025-04-11T07:56:53.010Z",2.4212
"Medidor 2 - L9","Corriente L3","A",4.51591456282727,1.882,23.3793,"2025-04-11T07:57:53.037Z",3.6417
"Medidor 2 - L9","Corriente L3","A",4.51591456282727,1.882,23.3793,"2025-04-11T07:58:53.176Z",3.6899
"Medidor 2 - L9","Corriente L3","A",4.51591456282727,1.882,23.3793,"2025-04-11T07:59:53.231Z",2.4461
"Medidor 2 - L9","Corriente L3","A",4.51591456282727,1.882,23.3793,"2025-04-11T08:00:53.376Z",2.4544
"Medidor 2 - L9","Corriente L3","A",4.51591456282727,1.882,23.3793,"2025-04-11T08:01:53.456Z",2.4388
"Medidor 2 - L9","Corriente L3","A",4.51591456282727,1.882,23.3793,"2025-04-11T08:02:53.518Z",2.4469
"Medidor 2 - L9","Corriente L3","A",4.51591456282727,1.882,23.3793,"2025-04-11T08:03:53.609Z",2.4039
"Medidor 2 - L9","Corriente L3","A",4.51591456282727,1.882,23.3793,"2025-04-11T08:04:53.733Z",2.4325
"Medidor 2 - L9","Corriente L3","A",4.51591456282727,1.882,23.3793,"2025-04-11T08:05:53.791Z",2.4378
"Medidor 2 - L9","Corriente L3","A",4.51591456282727,1.882,23.3793,"2025-04-11T08:06:53.926Z",2.4222
"Medidor 2 - L9","Corriente L3","A",4.51591456282727,1.882,23.3793,"2025-04-11T08:07:54.022Z",2.4964
"Medidor 2 - L9","Corriente L3","A",4.51591456282727,1.882,23.3793,"2025-04-11T08:08:54.067Z",2.4778
"Medidor 2 - L9","Corriente L3","A",4.51591456282727,1.882,23.3793,"2025-04-11T08:09:54.206Z",2.4094
"Medidor 2 - L9","Corriente L3","A",4.51591456282727,1.882,23.3793,"2025-04-11T08:10:54.216Z",2.4453
"Medidor 2 - L9","Corriente L3","A",4.51591456282727,1.882,23.3793,"2025-04-11T08:11:54.300Z",2.4544
"Medidor 2 - L9","Corriente L3","A",4.51591456282727,1.882,23.3793,"2025-04-11T08:12:54.417Z",2.4484
"Medidor 2 - L9","Corriente L3","A",4.51591456282727,1.882,23.3793,"2025-04-11T08:13:54.446Z",2.387
"Medidor 2 - L9","Corriente L3","A",4.51591456282727,1.882,23.3793,"2025-04-11T08:14:54.572Z",2.4568
"Medidor 2 - L9","Corriente L3","A",4.51591456282727,1.882,23.3793,"2025-04-11T08:15:54.667Z",2.423
"Medidor 2 - L9","Corriente L3","A",4.51591456282727,1.882,23.3793,"2025-04-11T08:16:54.725Z",2.3894
"Medidor 2 - L9","Corriente L3","A",4.51591456282727,1.882,23.3793,"2025-04-11T08:17:54.893Z",2.368
"Medidor 2 - L9","Corriente L3","A",4.51591456282727,1.882,23.3793,"2025-04-11T08:18:54.980Z",2.3908
"Medidor 2 - L9","Corriente L3","A",4.51591456282727,1.882,23.3793,"2025-04-11T08:19:55.009Z",2.3937
"Medidor 2 - L9","Corriente L3","A",4.51591456282727,1.882,23.3793,"2025-04-11T08:20:55.070Z",2.4114
"Medidor 2 - L9","Corriente L3","A",4.51591456282727,1.882,23.3793,"2025-04-11T08:21:55.239Z",2.3958
"Medidor 2 - L9","Corriente L3","A",4.51591456282727,1.882,23.3793,"2025-04-11T08:22:55.250Z",2.4422
"Medidor 2 - L9","Corriente L3","A",4.51591456282727,1.882,23.3793,"2025-04-11T08:23:55.331Z",2.4329
"Medidor 2 - L9","Corriente L3","A",4.51591456282727,1.882,23.3793,"2025-04-11T08:24:55.464Z",2.4361
"Medidor 2 - L9","Corriente L3","A",4.51591456282727,1.882,23.3793,"2025-04-11T08:25:55.523Z",2.4434
"Medidor 2 - L9","Corriente L3","A",4.51591456282727,1.882,23.3793,"2025-04-11T08:26:55.603Z",2.4152
"Medidor 2 - L9","Corriente L3","A",4.51591456282727,1.882,23.3793,"2025-04-11T08:27:55.727Z",2.4211
"Medidor 2 - L9","Corriente L3","A",4.51591456282727,1.882,23.3793,"2025-04-11T08:28:55.844Z",2.3974
"Medidor 2 - L9","Corriente L3","A",4.51591456282727,1.882,23.3793,"2025-04-11T08:29:55.823Z",2.4251
"Medidor 2 - L9","Corriente L3","A",4.51591456282727,1.882,23.3793,"2025-04-11T08:30:56.002Z",2.4307
"Medidor 2 - L9","Corriente L3","A",4.51591456282727,1.882,23.3793,"2025-04-11T08:31:56.038Z",2.148
"Medidor 2 - L9","Corriente L3","A",4.51591456282727,1.882,23.3793,"2025-04-11T08:32:56.076Z",2.2099
"Medidor 2 - L9","Corriente L3","A",4.51591456282727,1.882,23.3793,"2025-04-11T08:33:56.145Z",2.2442
"Medidor 2 - L9","Corriente L3","A",4.51591456282727,1.882,23.3793,"2025-04-11T08:34:56.275Z",2.2355
"Medidor 2 - L9","Corriente L3","A",4.51591456282727,1.882,23.3793,"2025-04-11T08:35:56.316Z",3.5974
"Medidor 2 - L9","Corriente L3","A",4.51591456282727,1.882,23.3793,"2025-04-11T08:36:56.391Z",3.6448
"Medidor 2 - L9","Corriente L3","A",4.51591456282727,1.882,23.3793,"2025-04-11T08:37:56.466Z",2.2702
"Medidor 2 - L9","Corriente L3","A",4.51591456282727,1.882,23.3793,"2025-04-11T08:38:56.507Z",2.2288
"Medidor 2 - L9","Corriente L3","A",4.51591456282727,1.882,23.3793,"2025-04-11T08:39:56.633Z",2.2505
"Medidor 2 - L9","Corriente L3","A",4.51591456282727,1.882,23.3793,"2025-04-11T08:40:56.758Z",2.2604
"Medidor 2 - L9","Corriente L3","A",4.51591456282727,1.882,23.3793,"2025-04-11T08:41:56.799Z",2.2826
"Medidor 2 - L9","Corriente L3","A",4.51591456282727,1.882,23.3793,"2025-04-11T08:42:56.913Z",2.271
"Medidor 2 - L9","Corriente L3","A",4.51591456282727,1.882,23.3793,"2025-04-11T08:43:57.006Z",2.3
"Medidor 2 - L9","Corriente L3","A",4.51591456282727,1.882,23.3793,"2025-04-11T08:44:57.117Z",2.2686
"Medidor 2 - L9","Corriente L3","A",4.51591456282727,1.882,23.3793,"2025-04-11T08:45:57.213Z",2.2632
"Medidor 2 - L9","Corriente L3","A",4.51591456282727,1.882,23.3793,"2025-04-11T08:46:57.340Z",2.2144
"Medidor 2 - L9","Corriente L3","A",4.51591456282727,1.882,23.3793,"2025-04-11T08:47:57.387Z",2.2627
"Medidor 2 - L9","Corriente L3","A",4.51591456282727,1.882,23.3793,"2025-04-11T08:48:57.442Z",2.2572
"Medidor 2 - L9","Corriente L3","A",4.51591456282727,1.882,23.3793,"2025-04-11T08:49:57.565Z",2.2133
"Medidor 2 - L9","Corriente L3","A",4.51591456282727,1.882,23.3793,"2025-04-11T08:50:57.676Z",2.2796
"Medidor 2 - L9","Corriente L3","A",4.51591456282727,1.882,23.3793,"2025-04-11T08:51:57.735Z",2.2565
"Medidor 2 - L9","Corriente L3","A",4.51591456282727,1.882,23.3793,"2025-04-11T08:52:57.797Z",2.2157
"Medidor 2 - L9","Corriente L3","A",4.51591456282727,1.882,23.3793,"2025-04-11T08:53:57.952Z",2.2748
"Medidor 2 - L9","Corriente L3","A",4.51591456282727,1.882,23.3793,"2025-04-11T08:54:58.043Z",2.29
"Medidor 2 - L9","Corriente L3","A",4.51591456282727,1.882,23.3793,"2025-04-11T08:55:58.066Z",2.2823
"Medidor 2 - L9","Corriente L3","A",4.51591456282727,1.882,23.3793,"2025-04-11T08:56:58.235Z",2.2362
"Medidor 2 - L9","Corriente L3","A",4.51591456282727,1.882,23.3793,"2025-04-11T08:57:58.331Z",2.2617
"Medidor 2 - L9","Corriente L3","A",4.51591456282727,1.882,23.3793,"2025-04-11T08:58:58.413Z",2.2352
"Medidor 2 - L9","Corriente L3","A",4.51591456282727,1.882,23.3793,"2025-04-11T08:59:58.434Z",2.211
"Medidor 2 - L9","Corriente L3","A",4.51591456282727,1.882,23.3793,"2025-04-11T09:00:58.563Z",2.2446
"Medidor 2 - L9","Corriente L3","A",4.51591456282727,1.882,23.3793,"2025-04-11T09:01:58.671Z",2.2391
"Medidor 2 - L9","Corriente L3","A",4.51591456282727,1.882,23.3793,"2025-04-11T09:02:58.742Z",2.2521
"Medidor 2 - L9","Corriente L3","A",4.51591456282727,1.882,23.3793,"2025-04-11T09:03:58.877Z",2.2212
"Medidor 2 - L9","Corriente L3","A",4.51591456282727,1.882,23.3793,"2025-04-11T09:04:58.965Z",2.2569
"Medidor 2 - L9","Corriente L3","A",4.51591456282727,1.882,23.3793,"2025-04-11T09:05:59.051Z",2.2468
"Medidor 2 - L9","Corriente L3","A",4.51591456282727,1.882,23.3793,"2025-04-11T09:06:59.150Z",2.2291
"Medidor 2 - L9","Corriente L3","A",4.51591456282727,1.882,23.3793,"2025-04-11T09:07:59.240Z",2.196
"Medidor 2 - L9","Corriente L3","A",4.51591456282727,1.882,23.3793,"2025-04-11T09:08:59.313Z",2.26
"Medidor 2 - L9","Corriente L3","A",4.51591456282727,1.882,23.3793,"2025-04-11T09:09:59.386Z",2.2455
"Medidor 2 - L9","Corriente L3","A",4.51591456282727,1.882,23.3793,"2025-04-11T09:10:59.398Z",2.2382
"Medidor 2 - L9","Corriente L3","A",4.51591456282727,1.882,23.3793,"2025-04-11T09:11:59.553Z",2.2237
"Medidor 2 - L9","Corriente L3","A",4.51591456282727,1.882,23.3793,"2025-04-11T09:12:59.697Z",2.2918
"Medidor 2 - L9","Corriente L3","A",4.51591456282727,1.882,23.3793,"2025-04-11T09:13:59.727Z",3.681
"Medidor 2 - L9","Corriente L3","A",4.51591456282727,1.882,23.3793,"2025-04-11T09:14:59.771Z",3.6443
"Medidor 2 - L9","Corriente L3","A",4.51591456282727,1.882,23.3793,"2025-04-11T09:15:59.874Z",2.2837
"Medidor 2 - L9","Corriente L3","A",4.51591456282727,1.882,23.3793,"2025-04-11T09:16:59.992Z",2.2754
"Medidor 2 - L9","Corriente L3","A",4.51591456282727,1.882,23.3793,"2025-04-11T09:17:59.974Z",2.4845
"Medidor 2 - L9","Corriente L3","A",4.51591456282727,1.882,23.3793,"2025-04-11T09:19:00.143Z",2.4319
"Medidor 2 - L9","Corriente L3","A",4.51591456282727,1.882,23.3793,"2025-04-11T09:20:00.170Z",2.459
"Medidor 2 - L9","Corriente L3","A",4.51591456282727,1.882,23.3793,"2025-04-11T09:21:00.293Z",2.4592
"Medidor 2 - L9","Corriente L3","A",4.51591456282727,1.882,23.3793,"2025-04-11T09:22:00.293Z",2.4217
"Medidor 2 - L9","Corriente L3","A",4.51591456282727,1.882,23.3793,"2025-04-11T09:23:00.385Z",2.4542
"Medidor 2 - L9","Corriente L3","A",4.51591456282727,1.882,23.3793,"2025-04-11T09:24:00.513Z",2.4766
"Medidor 2 - L9","Corriente L3","A",4.51591456282727,1.882,23.3793,"2025-04-11T09:25:00.668Z",2.449
"Medidor 2 - L9","Corriente L3","A",4.51591456282727,1.882,23.3793,"2025-04-11T09:26:00.702Z",2.4831
"Medidor 2 - L9","Corriente L3","A",4.51591456282727,1.882,23.3793,"2025-04-11T09:27:00.830Z",2.4247
"Medidor 2 - L9","Corriente L3","A",4.51591456282727,1.882,23.3793,"2025-04-11T09:28:00.909Z",2.4457
"Medidor 2 - L9","Corriente L3","A",4.51591456282727,1.882,23.3793,"2025-04-11T09:29:01.063Z",2.509
"Medidor 2 - L9","Corriente L3","A",4.51591456282727,1.882,23.3793,"2025-04-11T09:30:01.085Z",2.4729
"Medidor 2 - L9","Corriente L3","A",4.51591456282727,1.882,23.3793,"2025-04-11T09:31:01.190Z",2.456
"Medidor 2 - L9","Corriente L3","A",4.51591456282727,1.882,23.3793,"2025-04-11T09:32:01.245Z",2.4677
"Medidor 2 - L9","Corriente L3","A",4.51591456282727,1.882,23.3793,"2025-04-11T09:33:01.281Z",2.4689
"Medidor 2 - L9","Corriente L3","A",4.51591456282727,1.882,23.3793,"2025-04-11T09:34:01.328Z",2.4737
"Medidor 2 - L9","Corriente L3","A",4.51591456282727,1.882,23.3793,"2025-04-11T09:35:01.456Z",2.4263
"Medidor 2 - L9","Corriente L3","A",4.51591456282727,1.882,23.3793,"2025-04-11T09:36:01.525Z",2.4645
"Medidor 2 - L9","Corriente L3","A",4.51591456282727,1.882,23.3793,"2025-04-11T09:37:01.615Z",2.4278
"Medidor 2 - L9","Corriente L3","A",4.51591456282727,1.882,23.3793,"2025-04-11T09:38:01.705Z",2.4183
"Medidor 2 - L9","Corriente L3","A",4.51591456282727,1.882,23.3793,"2025-04-11T09:39:01.722Z",2.3889
"Medidor 2 - L9","Corriente L3","A",4.51591456282727,1.882,23.3793,"2025-04-11T09:40:01.859Z",2.4041
"Medidor 2 - L9","Corriente L3","A",4.51591456282727,1.882,23.3793,"2025-04-11T09:41:02.024Z",2.4273
"Medidor 2 - L9","Corriente L3","A",4.51591456282727,1.882,23.3793,"2025-04-11T09:42:02.054Z",2.4526
"Medidor 2 - L9","Corriente L3","A",4.51591456282727,1.882,23.3793,"2025-04-11T09:43:02.145Z",2.3974
"Medidor 2 - L9","Corriente L3","A",4.51591456282727,1.882,23.3793,"2025-04-11T09:44:02.129Z",2.4648
"Medidor 2 - L9","Corriente L3","A",4.51591456282727,1.882,23.3793,"2025-04-11T09:45:02.381Z",2.4709
"Medidor 2 - L9","Corriente L3","A",4.51591456282727,1.882,23.3793,"2025-04-11T09:46:02.406Z",2.4478
"Medidor 2 - L9","Corriente L3","A",4.51591456282727,1.882,23.3793,"2025-04-11T09:47:02.501Z",2.4165
"Medidor 2 - L9","Corriente L3","A",4.51591456282727,1.882,23.3793,"2025-04-11T09:48:02.619Z",2.4523
"Medidor 2 - L9","Corriente L3","A",4.51591456282727,1.882,23.3793,"2025-04-11T09:49:02.749Z",2.4494
"Medidor 2 - L9","Corriente L3","A",4.51591456282727,1.882,23.3793,"2025-04-11T09:50:02.820Z",2.3894
"Medidor 2 - L9","Corriente L3","A",4.51591456282727,1.882,23.3793,"2025-04-11T09:51:02.848Z",3.629
"Medidor 2 - L9","Corriente L3","A",4.51591456282727,1.882,23.3793,"2025-04-11T09:52:02.894Z",3.5376
"Medidor 2 - L9","Corriente L3","A",4.51591456282727,1.882,23.3793,"2025-04-11T09:53:03.075Z",2.4629
"Medidor 2 - L9","Corriente L3","A",4.51591456282727,1.882,23.3793,"2025-04-11T09:54:03.163Z",2.4481
"Medidor 2 - L9","Corriente L3","A",4.51591456282727,1.882,23.3793,"2025-04-11T09:55:03.282Z",2.4763
"Medidor 2 - L9","Corriente L3","A",4.51591456282727,1.882,23.3793,"2025-04-11T09:56:03.396Z",2.4756
"Medidor 2 - L9","Corriente L3","A",4.51591456282727,1.882,23.3793,"2025-04-11T09:57:03.344Z",2.4473
"Medidor 2 - L9","Corriente L3","A",4.51591456282727,1.882,23.3793,"2025-04-11T09:58:03.509Z",2.4858
"Medidor 2 - L9","Corriente L3","A",4.51591456282727,1.882,23.3793,"2025-04-11T09:59:03.647Z",2.4758
"Medidor 2 - L9","Corriente L3","A",4.51591456282727,1.882,23.3793,"2025-04-11T10:00:03.780Z",2.4888
"Medidor 2 - L9","Corriente L3","A",4.51591456282727,1.882,23.3793,"2025-04-11T10:01:03.852Z",2.4485
"Medidor 2 - L9","Corriente L3","A",4.51591456282727,1.882,23.3793,"2025-04-11T10:02:03.946Z",2.4938
"Medidor 2 - L9","Corriente L3","A",4.51591456282727,1.882,23.3793,"2025-04-11T10:03:04.092Z",2.4733
"Medidor 2 - L9","Corriente L3","A",4.51591456282727,1.882,23.3793,"2025-04-11T10:04:04.157Z",2.4771
"Medidor 2 - L9","Corriente L3","A",4.51591456282727,1.882,23.3793,"2025-04-11T10:05:04.236Z",2.4368
"Medidor 2 - L9","Corriente L3","A",4.51591456282727,1.882,23.3793,"2025-04-11T10:06:04.322Z",2.4702
"Medidor 2 - L9","Corriente L3","A",4.51591456282727,1.882,23.3793,"2025-04-11T10:07:04.409Z",2.4542
"Medidor 2 - L9","Corriente L3","A",4.51591456282727,1.882,23.3793,"2025-04-11T10:08:04.436Z",2.402
"Medidor 2 - L9","Corriente L3","A",4.51591456282727,1.882,23.3793,"2025-04-11T10:09:04.567Z",2.4086
"Medidor 2 - L9","Corriente L3","A",4.51591456282727,1.882,23.3793,"2025-04-11T10:10:04.631Z",2.4545
"Medidor 2 - L9","Corriente L3","A",4.51591456282727,1.882,23.3793,"2025-04-11T10:11:04.785Z",2.4674
"Medidor 2 - L9","Corriente L3","A",4.51591456282727,1.882,23.3793,"2025-04-11T10:12:04.815Z",2.4346
"Medidor 2 - L9","Corriente L3","A",4.51591456282727,1.882,23.3793,"2025-04-11T10:13:04.930Z",2.4696
"Medidor 2 - L9","Corriente L3","A",4.51591456282727,1.882,23.3793,"2025-04-11T10:14:05.043Z",2.4739
"Medidor 2 - L9","Corriente L3","A",4.51591456282727,1.882,23.3793,"2025-04-11T10:15:05.061Z",2.3983
"Medidor 2 - L9","Corriente L3","A",4.51591456282727,1.882,23.3793,"2025-04-11T10:16:05.189Z",2.4266
"Medidor 2 - L9","Corriente L3","A",4.51591456282727,1.882,23.3793,"2025-04-11T10:17:05.335Z",2.4369
"Medidor 2 - L9","Corriente L3","A",4.51591456282727,1.882,23.3793,"2025-04-11T10:18:05.412Z",2.4388
"Medidor 2 - L9","Corriente L3","A",4.51591456282727,1.882,23.3793,"2025-04-11T10:19:05.483Z",2.4353
"Medidor 2 - L9","Corriente L3","A",4.51591456282727,1.882,23.3793,"2025-04-11T10:20:05.598Z",2.3847
"Medidor 2 - L9","Corriente L3","A",4.51591456282727,1.882,23.3793,"2025-04-11T10:21:05.669Z",2.436
"Medidor 2 - L9","Corriente L3","A",4.51591456282727,1.882,23.3793,"2025-04-11T10:22:05.701Z",2.4343
"Medidor 2 - L9","Corriente L3","A",4.51591456282727,1.882,23.3793,"2025-04-11T10:23:05.727Z",2.365
"Medidor 2 - L9","Corriente L3","A",4.51591456282727,1.882,23.3793,"2025-04-11T10:24:05.888Z",2.4069
"Medidor 2 - L9","Corriente L3","A",4.51591456282727,1.882,23.3793,"2025-04-11T10:25:05.913Z",2.4257
"Medidor 2 - L9","Corriente L3","A",4.51591456282727,1.882,23.3793,"2025-04-11T10:26:06.042Z",2.446
"Medidor 2 - L9","Corriente L3","A",4.51591456282727,1.882,23.3793,"2025-04-11T10:27:06.098Z",3.5663
"Medidor 2 - L9","Corriente L3","A",4.51591456282727,1.882,23.3793,"2025-04-11T10:28:06.123Z",3.6099
"Medidor 2 - L9","Corriente L3","A",4.51591456282727,1.882,23.3793,"2025-04-11T10:29:06.287Z",2.4217
"Medidor 2 - L9","Corriente L3","A",4.51591456282727,1.882,23.3793,"2025-04-11T10:30:06.322Z",2.4311
"Medidor 2 - L9","Corriente L3","A",4.51591456282727,1.882,23.3793,"2025-04-11T10:31:06.468Z",2.3884
"Medidor 2 - L9","Corriente L3","A",4.51591456282727,1.882,23.3793,"2025-04-11T10:32:06.493Z",2.4637
"Medidor 2 - L9","Corriente L3","A",4.51591456282727,1.882,23.3793,"2025-04-11T10:33:06.576Z",2.4587
"Medidor 2 - L9","Corriente L3","A",4.51591456282727,1.882,23.3793,"2025-04-11T10:34:06.738Z",2.4451
"Medidor 2 - L9","Corriente L3","A",4.51591456282727,1.882,23.3793,"2025-04-11T10:35:06.821Z",2.4289
"Medidor 2 - L9","Corriente L3","A",4.51591456282727,1.882,23.3793,"2025-04-11T10:36:06.928Z",2.4418
"Medidor 2 - L9","Corriente L3","A",4.51591456282727,1.882,23.3793,"2025-04-11T10:37:06.981Z",2.4594
"Medidor 2 - L9","Corriente L3","A",4.51591456282727,1.882,23.3793,"2025-04-11T10:38:07.182Z",2.3908
"Medidor 2 - L9","Corriente L3","A",4.51591456282727,1.882,23.3793,"2025-04-11T10:39:07.143Z",2.4116
"Medidor 2 - L9","Corriente L3","A",4.51591456282727,1.882,23.3793,"2025-04-11T10:40:07.219Z",2.4315
"Medidor 2 - L9","Corriente L3","A",4.51591456282727,1.882,23.3793,"2025-04-11T10:41:07.264Z",2.4437
"Medidor 2 - L9","Corriente L3","A",4.51591456282727,1.882,23.3793,"2025-04-11T10:42:07.373Z",2.429
"Medidor 2 - L9","Corriente L3","A",4.51591456282727,1.882,23.3793,"2025-04-11T10:43:07.494Z",2.4432
"Medidor 2 - L9","Corriente L3","A",4.51591456282727,1.882,23.3793,"2025-04-11T10:44:07.564Z",2.4665
"Medidor 2 - L9","Corriente L3","A",4.51591456282727,1.882,23.3793,"2025-04-11T10:45:07.649Z",2.4278
"Medidor 2 - L9","Corriente L3","A",4.51591456282727,1.882,23.3793,"2025-04-11T10:46:07.752Z",2.4386
"Medidor 2 - L9","Corriente L3","A",4.51591456282727,1.882,23.3793,"2025-04-11T10:47:07.799Z",2.4572
"Medidor 2 - L9","Corriente L3","A",4.51591456282727,1.882,23.3793,"2025-04-11T10:48:07.859Z",2.5032
"Medidor 2 - L9","Corriente L3","A",4.51591456282727,1.882,23.3793,"2025-04-11T10:49:07.982Z",2.4335
"Medidor 2 - L9","Corriente L3","A",4.51591456282727,1.882,23.3793,"2025-04-11T10:50:08.017Z",2.4639
"Medidor 2 - L9","Corriente L3","A",4.51591456282727,1.882,23.3793,"2025-04-11T10:51:08.132Z",2.4547
"Medidor 2 - L9","Corriente L3","A",4.51591456282727,1.882,23.3793,"2025-04-11T10:52:08.244Z",2.4625
"Medidor 2 - L9","Corriente L3","A",4.51591456282727,1.882,23.3793,"2025-04-11T10:53:08.271Z",2.424
"Medidor 2 - L9","Corriente L3","A",4.51591456282727,1.882,23.3793,"2025-04-11T10:54:08.410Z",2.455
"Medidor 2 - L9","Corriente L3","A",4.51591456282727,1.882,23.3793,"2025-04-11T10:55:08.504Z",2.4348
"Medidor 2 - L9","Corriente L3","A",4.51591456282727,1.882,23.3793,"2025-04-11T10:56:08.547Z",2.3954
"Medidor 2 - L9","Corriente L3","A",4.51591456282727,1.882,23.3793,"2025-04-11T10:57:08.653Z",2.7789
"Medidor 2 - L9","Corriente L3","A",4.51591456282727,1.882,23.3793,"2025-04-11T10:58:08.783Z",2.8291
"Medidor 2 - L9","Corriente L3","A",4.51591456282727,1.882,23.3793,"2025-04-11T10:59:08.820Z",2.8757
"Medidor 2 - L9","Corriente L3","A",4.51591456282727,1.882,23.3793,"2025-04-11T11:00:08.947Z",2.8565
"Medidor 2 - L9","Corriente L3","A",4.51591456282727,1.882,23.3793,"2025-04-11T11:01:09.069Z",2.8554
"Medidor 2 - L9","Corriente L3","A",4.51591456282727,1.882,23.3793,"2025-04-11T11:02:09.130Z",2.7742
"Medidor 2 - L9","Corriente L3","A",4.51591456282727,1.882,23.3793,"2025-04-11T11:03:09.158Z",4.3087
"Medidor 2 - L9","Corriente L3","A",4.51591456282727,1.882,23.3793,"2025-04-11T11:04:09.343Z",4.515
"Medidor 2 - L9","Corriente L3","A",4.51591456282727,1.882,23.3793,"2025-04-11T11:05:09.401Z",2.9556
"Medidor 2 - L9","Corriente L3","A",4.51591456282727,1.882,23.3793,"2025-04-11T11:06:09.455Z",2.9731
"Medidor 2 - L9","Corriente L3","A",4.51591456282727,1.882,23.3793,"2025-04-11T11:07:09.650Z",2.9199
"Medidor 2 - L9","Corriente L3","A",4.51591456282727,1.882,23.3793,"2025-04-11T11:08:09.694Z",2.8472
"Medidor 2 - L9","Corriente L3","A",4.51591456282727,1.882,23.3793,"2025-04-11T11:09:09.769Z",2.9228
"Medidor 2 - L9","Corriente L3","A",4.51591456282727,1.882,23.3793,"2025-04-11T11:10:09.833Z",2.898
"Medidor 2 - L9","Corriente L3","A",4.51591456282727,1.882,23.3793,"2025-04-11T11:11:09.918Z",2.7989
"Medidor 2 - L9","Corriente L3","A",4.51591456282727,1.882,23.3793,"2025-04-11T11:12:09.990Z",2.783
"Medidor 2 - L9","Corriente L3","A",4.51591456282727,1.882,23.3793,"2025-04-11T11:13:09.978Z",2.8614
"Medidor 2 - L9","Corriente L3","A",4.51591456282727,1.882,23.3793,"2025-04-11T11:14:10.193Z",2.8428
"Medidor 2 - L9","Corriente L3","A",4.51591456282727,1.882,23.3793,"2025-04-11T11:15:10.295Z",2.7974
"Medidor 2 - L9","Corriente L3","A",4.51591456282727,1.882,23.3793,"2025-04-11T11:16:10.315Z",2.8538
"Medidor 2 - L9","Corriente L3","A",4.51591456282727,1.882,23.3793,"2025-04-11T11:17:10.429Z",2.8393
"Medidor 2 - L9","Corriente L3","A",4.51591456282727,1.882,23.3793,"2025-04-11T11:18:10.544Z",2.8289
"Medidor 2 - L9","Corriente L3","A",4.51591456282727,1.882,23.3793,"2025-04-11T11:19:10.613Z",2.8311
"Medidor 2 - L9","Corriente L3","A",4.51591456282727,1.882,23.3793,"2025-04-11T11:20:10.779Z",2.8356
"Medidor 2 - L9","Corriente L3","A",4.51591456282727,1.882,23.3793,"2025-04-11T11:21:10.764Z",2.8377
"Medidor 2 - L9","Corriente L3","A",4.51591456282727,1.882,23.3793,"2025-04-11T11:22:10.848Z",2.7786
"Medidor 2 - L9","Corriente L3","A",4.51591456282727,1.882,23.3793,"2025-04-11T11:23:10.890Z",2.8474
"Medidor 2 - L9","Corriente L3","A",4.51591456282727,1.882,23.3793,"2025-04-11T11:24:11.036Z",2.8789
"Medidor 2 - L9","Corriente L3","A",4.51591456282727,1.882,23.3793,"2025-04-11T11:25:11.086Z",2.8511
"Medidor 2 - L9","Corriente L3","A",4.51591456282727,1.882,23.3793,"2025-04-11T11:26:11.183Z",2.8236
"Medidor 2 - L9","Corriente L3","A",4.51591456282727,1.882,23.3793,"2025-04-11T11:27:11.281Z",2.8968
"Medidor 2 - L9","Corriente L3","A",4.51591456282727,1.882,23.3793,"2025-04-11T11:28:11.339Z",2.8059
"Medidor 2 - L9","Corriente L3","A",4.51591456282727,1.882,23.3793,"2025-04-11T11:29:11.429Z",2.8237
"Medidor 2 - L9","Corriente L3","A",4.51591456282727,1.882,23.3793,"2025-04-11T11:30:11.534Z",2.8483
"Medidor 2 - L9","Corriente L3","A",4.51591456282727,1.882,23.3793,"2025-04-11T11:31:11.595Z",2.7968
"Medidor 2 - L9","Corriente L3","A",4.51591456282727,1.882,23.3793,"2025-04-11T11:32:11.695Z",2.7571
"Medidor 2 - L9","Corriente L3","A",4.51591456282727,1.882,23.3793,"2025-04-11T11:33:11.805Z",2.8028
"Medidor 2 - L9","Corriente L3","A",4.51591456282727,1.882,23.3793,"2025-04-11T11:34:11.868Z",2.8182
"Medidor 2 - L9","Corriente L3","A",4.51591456282727,1.882,23.3793,"2025-04-11T11:35:11.976Z",2.7765
"Medidor 2 - L9","Corriente L3","A",4.51591456282727,1.882,23.3793,"2025-04-11T11:36:12.055Z",2.8024
"Medidor 2 - L9","Corriente L3","A",4.51591456282727,1.882,23.3793,"2025-04-11T11:37:12.104Z",2.8004
"Medidor 2 - L9","Corriente L3","A",4.51591456282727,1.882,23.3793,"2025-04-11T11:38:12.262Z",2.8267
"Medidor 2 - L9","Corriente L3","A",4.51591456282727,1.882,23.3793,"2025-04-11T11:39:12.284Z",4.3658
"Medidor 2 - L9","Corriente L3","A",4.51591456282727,1.882,23.3793,"2025-04-11T11:40:12.437Z",4.4896
"Medidor 2 - L9","Corriente L3","A",4.51591456282727,1.882,23.3793,"2025-04-11T11:41:12.527Z",4.4967
"Medidor 2 - L9","Corriente L3","A",4.51591456282727,1.882,23.3793,"2025-04-11T11:42:12.636Z",2.7902
"Medidor 2 - L9","Corriente L3","A",4.51591456282727,1.882,23.3793,"2025-04-11T11:43:12.671Z",2.8406
"Medidor 2 - L9","Corriente L3","A",4.51591456282727,1.882,23.3793,"2025-04-11T11:44:12.812Z",2.8833
"Medidor 2 - L9","Corriente L3","A",4.51591456282727,1.882,23.3793,"2025-04-11T11:45:12.876Z",2.863
"Medidor 2 - L9","Corriente L3","A",4.51591456282727,1.882,23.3793,"2025-04-11T11:46:12.996Z",2.8934
"Medidor 2 - L9","Corriente L3","A",4.51591456282727,1.882,23.3793,"2025-04-11T11:47:13.054Z",2.8771
"Medidor 2 - L9","Corriente L3","A",4.51591456282727,1.882,23.3793,"2025-04-11T11:48:13.139Z",2.891
"Medidor 2 - L9","Corriente L3","A",4.51591456282727,1.882,23.3793,"2025-04-11T11:49:13.236Z",2.8502
"Medidor 2 - L9","Corriente L3","A",4.51591456282727,1.882,23.3793,"2025-04-11T11:50:13.358Z",2.8976
"Medidor 2 - L9","Corriente L3","A",4.51591456282727,1.882,23.3793,"2025-04-11T11:51:13.361Z",2.9084
"Medidor 2 - L9","Corriente L3","A",4.51591456282727,1.882,23.3793,"2025-04-11T11:52:13.436Z",2.8838
"Medidor 2 - L9","Corriente L3","A",4.51591456282727,1.882,23.3793,"2025-04-11T11:53:13.496Z",2.9643
"Medidor 2 - L9","Corriente L3","A",4.51591456282727,1.882,23.3793,"2025-04-11T11:54:13.613Z",2.902
"Medidor 2 - L9","Corriente L3","A",4.51591456282727,1.882,23.3793,"2025-04-11T11:55:13.708Z",2.9276
"Medidor 2 - L9","Corriente L3","A",4.51591456282727,1.882,23.3793,"2025-04-11T11:56:13.845Z",2.8622
"Medidor 2 - L9","Corriente L3","A",4.51591456282727,1.882,23.3793,"2025-04-11T11:57:13.844Z",2.9019
"Medidor 2 - L9","Corriente L3","A",4.51591456282727,1.882,23.3793,"2025-04-11T11:58:13.972Z",2.89
"Medidor 2 - L9","Corriente L3","A",4.51591456282727,1.882,23.3793,"2025-04-11T11:59:13.994Z",2.829
"Medidor 2 - L9","Corriente L3","A",4.51591456282727,1.882,23.3793,"2025-04-11T12:00:14.108Z",2.8808
"Medidor 2 - L9","Corriente L3","A",4.51591456282727,1.882,23.3793,"2025-04-11T12:01:14.168Z",2.959
"Medidor 2 - L9","Corriente L3","A",4.51591456282727,1.882,23.3793,"2025-04-11T12:02:14.187Z",2.8988
"Medidor 2 - L9","Corriente L3","A",4.51591456282727,1.882,23.3793,"2025-04-11T12:03:14.257Z",2.9493
"Medidor 2 - L9","Corriente L3","A",4.51591456282727,1.882,23.3793,"2025-04-11T12:04:14.337Z",2.9571
"Medidor 2 - L9","Corriente L3","A",4.51591456282727,1.882,23.3793,"2025-04-11T12:05:14.391Z",2.9208
"Medidor 2 - L9","Corriente L3","A",4.51591456282727,1.882,23.3793,"2025-04-11T12:06:14.506Z",2.9533
"Medidor 2 - L9","Corriente L3","A",4.51591456282727,1.882,23.3793,"2025-04-11T12:07:14.535Z",3.0286
"Medidor 2 - L9","Corriente L3","A",4.51591456282727,1.882,23.3793,"2025-04-11T12:08:14.737Z",3.0469
"Medidor 2 - L9","Corriente L3","A",4.51591456282727,1.882,23.3793,"2025-04-11T12:09:14.795Z",2.941
"Medidor 2 - L9","Corriente L3","A",4.51591456282727,1.882,23.3793,"2025-04-11T12:10:14.833Z",2.9799
"Medidor 2 - L9","Corriente L3","A",4.51591456282727,1.882,23.3793,"2025-04-11T12:11:14.907Z",2.953
"Medidor 2 - L9","Corriente L3","A",4.51591456282727,1.882,23.3793,"2025-04-11T12:12:14.994Z",2.9594
"Medidor 2 - L9","Corriente L3","A",4.51591456282727,1.882,23.3793,"2025-04-11T12:13:15.046Z",2.8388
"Medidor 2 - L9","Corriente L3","A",4.51591456282727,1.882,23.3793,"2025-04-11T12:14:15.106Z",2.8811
"Medidor 2 - L9","Corriente L3","A",4.51591456282727,1.882,23.3793,"2025-04-11T12:15:15.171Z",2.9724
"Medidor 2 - L9","Corriente L3","A",4.51591456282727,1.882,23.3793,"2025-04-11T12:16:15.206Z",2.8584
"Medidor 2 - L9","Corriente L3","A",4.51591456282727,1.882,23.3793,"2025-04-11T12:17:15.287Z",2.8803
"Medidor 2 - L9","Corriente L3","A",4.51591456282727,1.882,23.3793,"2025-04-11T12:18:15.306Z",2.8243
"Medidor 2 - L9","Corriente L3","A",4.51591456282727,1.882,23.3793,"2025-04-11T12:19:15.458Z",2.902
"Medidor 2 - L9","Corriente L3","A",4.51591456282727,1.882,23.3793,"2025-04-11T12:20:15.501Z",2.8813
"Medidor 2 - L9","Corriente L3","A",4.51591456282727,1.882,23.3793,"2025-04-11T12:21:15.659Z",2.8847
"Medidor 2 - L9","Corriente L3","A",4.51591456282727,1.882,23.3793,"2025-04-11T12:22:15.688Z",3.6562
"Medidor 2 - L9","Corriente L3","A",4.51591456282727,1.882,23.3793,"2025-04-11T12:23:15.800Z",3.6556
"Medidor 2 - L9","Corriente L3","A",4.51591456282727,1.882,23.3793,"2025-04-11T12:24:15.763Z",5.2552
"Medidor 2 - L9","Corriente L3","A",4.51591456282727,1.882,23.3793,"2025-04-11T12:25:15.889Z",5.3782
"Medidor 2 - L9","Corriente L3","A",4.51591456282727,1.882,23.3793,"2025-04-11T12:26:15.955Z",3.7083
"Medidor 2 - L9","Corriente L3","A",4.51591456282727,1.882,23.3793,"2025-04-11T12:27:16.043Z",3.6788
"Medidor 2 - L9","Corriente L3","A",4.51591456282727,1.882,23.3793,"2025-04-11T12:28:16.158Z",3.6511
"Medidor 2 - L9","Corriente L3","A",4.51591456282727,1.882,23.3793,"2025-04-11T12:29:16.212Z",3.6968
"Medidor 2 - L9","Corriente L3","A",4.51591456282727,1.882,23.3793,"2025-04-11T12:30:16.300Z",3.7224
"Medidor 2 - L9","Corriente L3","A",4.51591456282727,1.882,23.3793,"2025-04-11T12:31:16.389Z",3.6862
"Medidor 2 - L9","Corriente L3","A",4.51591456282727,1.882,23.3793,"2025-04-11T12:32:16.481Z",2.8636
"Medidor 2 - L9","Corriente L3","A",4.51591456282727,1.882,23.3793,"2025-04-11T12:33:16.528Z",2.9001
"Medidor 2 - L9","Corriente L3","A",4.51591456282727,1.882,23.3793,"2025-04-11T12:34:16.682Z",2.9087
"Medidor 2 - L9","Corriente L3","A",4.51591456282727,1.882,23.3793,"2025-04-11T12:35:16.747Z",2.9127
"Medidor 2 - L9","Corriente L3","A",4.51591456282727,1.882,23.3793,"2025-04-11T12:36:16.811Z",2.9
"Medidor 2 - L9","Corriente L3","A",4.51591456282727,1.882,23.3793,"2025-04-11T12:37:16.934Z",2.9389
"Medidor 2 - L9","Corriente L3","A",4.51591456282727,1.882,23.3793,"2025-04-11T12:38:16.988Z",3.0322
"Medidor 2 - L9","Corriente L3","A",4.51591456282727,1.882,23.3793,"2025-04-11T12:39:17.063Z",2.884
"Medidor 2 - L9","Corriente L3","A",4.51591456282727,1.882,23.3793,"2025-04-11T12:40:17.206Z",2.9435
"Medidor 2 - L9","Corriente L3","A",4.51591456282727,1.882,23.3793,"2025-04-11T12:41:17.233Z",2.9421
"Medidor 2 - L9","Corriente L3","A",4.51591456282727,1.882,23.3793,"2025-04-11T12:42:17.411Z",2.933
"Medidor 2 - L9","Corriente L3","A",4.51591456282727,1.882,23.3793,"2025-04-11T12:43:17.520Z",3.001
"Medidor 2 - L9","Corriente L3","A",4.51591456282727,1.882,23.3793,"2025-04-11T12:44:17.593Z",2.9586
"Medidor 2 - L9","Corriente L3","A",4.51591456282727,1.882,23.3793,"2025-04-11T12:45:17.623Z",2.9788
"Medidor 2 - L9","Corriente L3","A",4.51591456282727,1.882,23.3793,"2025-04-11T12:46:17.699Z",2.9439
"Medidor 2 - L9","Corriente L3","A",4.51591456282727,1.882,23.3793,"2025-04-11T12:47:17.827Z",2.9213
"Medidor 2 - L9","Corriente L3","A",4.51591456282727,1.882,23.3793,"2025-04-11T12:48:17.924Z",3.6209
"Medidor 2 - L9","Corriente L3","A",4.51591456282727,1.882,23.3793,"2025-04-11T12:49:18.022Z",4.2756
"Medidor 2 - L9","Corriente L3","A",4.51591456282727,1.882,23.3793,"2025-04-11T12:50:18.098Z",4.328
"Medidor 2 - L9","Corriente L3","A",4.51591456282727,1.882,23.3793,"2025-04-11T12:51:18.254Z",4.3628
"Medidor 2 - L9","Corriente L3","A",4.51591456282727,1.882,23.3793,"2025-04-11T12:52:18.237Z",4.4488
"Medidor 2 - L9","Corriente L3","A",4.51591456282727,1.882,23.3793,"2025-04-11T12:53:18.329Z",4.4953
"Medidor 2 - L9","Corriente L3","A",4.51591456282727,1.882,23.3793,"2025-04-11T12:54:18.433Z",4.3359
"Medidor 2 - L9","Corriente L3","A",4.51591456282727,1.882,23.3793,"2025-04-11T12:55:18.546Z",4.3674
"Medidor 2 - L9","Corriente L3","A",4.51591456282727,1.882,23.3793,"2025-04-11T12:56:18.605Z",4.3782
"Medidor 2 - L9","Corriente L3","A",4.51591456282727,1.882,23.3793,"2025-04-11T12:57:18.680Z",4.3844
"Medidor 2 - L9","Corriente L3","A",4.51591456282727,1.882,23.3793,"2025-04-11T12:58:18.755Z",4.336
"Medidor 2 - L9","Corriente L3","A",4.51591456282727,1.882,23.3793,"2025-04-11T12:59:18.880Z",4.8548
"Medidor 2 - L9","Corriente L3","A",4.51591456282727,1.882,23.3793,"2025-04-11T13:00:18.929Z",4.8927
"Medidor 2 - L9","Corriente L3","A",4.51591456282727,1.882,23.3793,"2025-04-11T13:01:19.029Z",4.8776
"Medidor 2 - L9","Corriente L3","A",4.51591456282727,1.882,23.3793,"2025-04-11T13:02:19.109Z",4.8308
"Medidor 2 - L9","Corriente L3","A",4.51591456282727,1.882,23.3793,"2025-04-11T13:03:19.224Z",4.8855
"Medidor 2 - L9","Corriente L3","A",4.51591456282727,1.882,23.3793,"2025-04-11T13:04:19.284Z",5.9601
"Medidor 2 - L9","Corriente L3","A",4.51591456282727,1.882,23.3793,"2025-04-11T13:05:19.360Z",5.9582
"Medidor 2 - L9","Corriente L3","A",4.51591456282727,1.882,23.3793,"2025-04-11T13:06:19.492Z",5.9821
"Medidor 2 - L9","Corriente L3","A",4.51591456282727,1.882,23.3793,"2025-04-11T13:07:19.600Z",4.4049
"Medidor 2 - L9","Corriente L3","A",4.51591456282727,1.882,23.3793,"2025-04-11T13:08:19.614Z",4.3849
"Medidor 2 - L9","Corriente L3","A",4.51591456282727,1.882,23.3793,"2025-04-11T13:09:19.779Z",4.4135
"Medidor 2 - L9","Corriente L3","A",4.51591456282727,1.882,23.3793,"2025-04-11T13:10:19.820Z",4.4304
"Medidor 2 - L9","Corriente L3","A",4.51591456282727,1.882,23.3793,"2025-04-11T13:11:19.910Z",4.4143
"Medidor 2 - L9","Corriente L3","A",4.51591456282727,1.882,23.3793,"2025-04-11T13:12:20.080Z",4.4614
"Medidor 2 - L9","Corriente L3","A",4.51591456282727,1.882,23.3793,"2025-04-11T13:13:20.089Z",4.458
"Medidor 2 - L9","Corriente L3","A",4.51591456282727,1.882,23.3793,"2025-04-11T13:14:20.224Z",4.515
"Medidor 2 - L9","Corriente L3","A",4.51591456282727,1.882,23.3793,"2025-04-11T13:15:20.288Z",4.434
"Medidor 2 - L9","Corriente L3","A",4.51591456282727,1.882,23.3793,"2025-04-11T13:16:20.390Z",4.4079
"Medidor 2 - L9","Corriente L3","A",4.51591456282727,1.882,23.3793,"2025-04-11T13:17:20.491Z",4.407
"Medidor 2 - L9","Corriente L3","A",4.51591456282727,1.882,23.3793,"2025-04-11T13:18:20.624Z",4.3776
"Medidor 2 - L9","Corriente L3","A",4.51591456282727,1.882,23.3793,"2025-04-11T13:19:20.623Z",4.3959
"Medidor 2 - L9","Corriente L3","A",4.51591456282727,1.882,23.3793,"2025-04-11T13:20:20.724Z",4.424
"Medidor 2 - L9","Corriente L3","A",4.51591456282727,1.882,23.3793,"2025-04-11T13:21:20.823Z",4.4166
"Medidor 2 - L9","Corriente L3","A",4.51591456282727,1.882,23.3793,"2025-04-11T13:22:20.930Z",4.4195
"Medidor 2 - L9","Corriente L3","A",4.51591456282727,1.882,23.3793,"2025-04-11T13:23:21.024Z",4.4366
"Medidor 2 - L9","Corriente L3","A",4.51591456282727,1.882,23.3793,"2025-04-11T13:24:21.135Z",4.4456
"Medidor 2 - L9","Corriente L3","A",4.51591456282727,1.882,23.3793,"2025-04-11T13:25:21.135Z",4.4203
"Medidor 2 - L9","Corriente L3","A",4.51591456282727,1.882,23.3793,"2025-04-11T13:26:21.268Z",4.4987
"Medidor 2 - L9","Corriente L3","A",4.51591456282727,1.882,23.3793,"2025-04-11T13:27:21.383Z",4.4727
"Medidor 2 - L9","Corriente L3","A",4.51591456282727,1.882,23.3793,"2025-04-11T13:28:21.467Z",4.4619
"Medidor 2 - L9","Corriente L3","A",4.51591456282727,1.882,23.3793,"2025-04-11T13:29:21.498Z",4.3462
"Medidor 2 - L9","Corriente L3","A",4.51591456282727,1.882,23.3793,"2025-04-11T13:30:21.618Z",4.4688
"Medidor 2 - L9","Corriente L3","A",4.51591456282727,1.882,23.3793,"2025-04-11T13:31:21.719Z",4.4765
"Medidor 2 - L9","Corriente L3","A",4.51591456282727,1.882,23.3793,"2025-04-11T13:32:21.781Z",4.5349
"Medidor 2 - L9","Corriente L3","A",4.51591456282727,1.882,23.3793,"2025-04-11T13:33:21.876Z",4.5415
"Medidor 2 - L9","Corriente L3","A",4.51591456282727,1.882,23.3793,"2025-04-11T13:34:21.945Z",4.4762
"Medidor 2 - L9","Corriente L3","A",4.51591456282727,1.882,23.3793,"2025-04-11T13:35:22.059Z",4.5112
"Medidor 2 - L9","Corriente L3","A",4.51591456282727,1.882,23.3793,"2025-04-11T13:36:22.160Z",4.4484
"Medidor 2 - L9","Corriente L3","A",4.51591456282727,1.882,23.3793,"2025-04-11T13:37:22.218Z",4.503
"Medidor 2 - L9","Corriente L3","A",4.51591456282727,1.882,23.3793,"2025-04-11T13:38:22.342Z",4.5331
"Medidor 2 - L9","Corriente L3","A",4.51591456282727,1.882,23.3793,"2025-04-11T13:39:22.459Z",4.7151
"Medidor 2 - L9","Corriente L3","A",4.51591456282727,1.882,23.3793,"2025-04-11T13:40:22.516Z",4.797
"Medidor 2 - L9","Corriente L3","A",4.51591456282727,1.882,23.3793,"2025-04-11T13:41:22.520Z",4.7536
"Medidor 2 - L9","Corriente L3","A",4.51591456282727,1.882,23.3793,"2025-04-11T13:42:22.597Z",4.6147
"Medidor 2 - L9","Corriente L3","A",4.51591456282727,1.882,23.3793,"2025-04-11T13:43:22.716Z",4.6166
"Medidor 2 - L9","Corriente L3","A",4.51591456282727,1.882,23.3793,"2025-04-11T13:44:22.748Z",4.6307
"Medidor 2 - L9","Corriente L3","A",4.51591456282727,1.882,23.3793,"2025-04-11T13:45:22.772Z",6.3403
"Medidor 2 - L9","Corriente L3","A",4.51591456282727,1.882,23.3793,"2025-04-11T13:46:22.820Z",6.4936
"Medidor 2 - L9","Corriente L3","A",4.51591456282727,1.882,23.3793,"2025-04-11T13:47:22.921Z",6.3058
"Medidor 2 - L9","Corriente L3","A",4.51591456282727,1.882,23.3793,"2025-04-11T13:48:23.010Z",6.3039
"Medidor 2 - L9","Corriente L3","A",4.51591456282727,1.882,23.3793,"2025-04-11T13:49:23.099Z",5.1944
"Medidor 2 - L9","Corriente L3","A",4.51591456282727,1.882,23.3793,"2025-04-11T13:50:23.210Z",4.664
"Medidor 2 - L9","Corriente L3","A",4.51591456282727,1.882,23.3793,"2025-04-11T13:51:23.255Z",4.7653
"Medidor 2 - L9","Corriente L3","A",4.51591456282727,1.882,23.3793,"2025-04-11T13:52:23.342Z",4.7823
"Medidor 2 - L9","Corriente L3","A",4.51591456282727,1.882,23.3793,"2025-04-11T13:53:23.337Z",4.7251
"Medidor 2 - L9","Corriente L3","A",4.51591456282727,1.882,23.3793,"2025-04-11T13:54:23.475Z",4.632
"Medidor 2 - L9","Corriente L3","A",4.51591456282727,1.882,23.3793,"2025-04-11T13:55:23.557Z",4.7032
"Medidor 2 - L9","Corriente L3","A",4.51591456282727,1.882,23.3793,"2025-04-11T13:56:23.621Z",4.9025
"Medidor 2 - L9","Corriente L3","A",4.51591456282727,1.882,23.3793,"2025-04-11T13:57:23.689Z",5.1843
"Medidor 2 - L9","Corriente L3","A",4.51591456282727,1.882,23.3793,"2025-04-11T13:58:23.832Z",5.2442
"Medidor 2 - L9","Corriente L3","A",4.51591456282727,1.882,23.3793,"2025-04-11T13:59:23.912Z",5.3447
"Medidor 2 - L9","Corriente L3","A",4.51591456282727,1.882,23.3793,"2025-04-11T14:00:24.001Z",5.3734
"Medidor 2 - L9","Corriente L3","A",4.51591456282727,1.882,23.3793,"2025-04-11T14:01:24.109Z",5.2407
"Medidor 2 - L9","Corriente L3","A",4.51591456282727,1.882,23.3793,"2025-04-11T14:02:24.162Z",5.2462
"Medidor 2 - L9","Corriente L3","A",4.51591456282727,1.882,23.3793,"2025-04-11T14:03:24.294Z",5.2524
"Medidor 2 - L9","Corriente L3","A",4.51591456282727,1.882,23.3793,"2025-04-11T14:04:24.542Z",5.1966
"Medidor 2 - L9","Corriente L3","A",4.51591456282727,1.882,23.3793,"2025-04-11T14:05:24.374Z",5.2795
"Medidor 2 - L9","Corriente L3","A",4.51591456282727,1.882,23.3793,"2025-04-11T14:06:24.457Z",5.3911
"Medidor 2 - L9","Corriente L3","A",4.51591456282727,1.882,23.3793,"2025-04-11T14:07:24.564Z",5.4623
"Medidor 2 - L9","Corriente L3","A",4.51591456282727,1.882,23.3793,"2025-04-11T14:08:24.661Z",5.5322
"Medidor 2 - L9","Corriente L3","A",4.51591456282727,1.882,23.3793,"2025-04-11T14:09:24.769Z",5.6118
"Medidor 2 - L9","Corriente L3","A",4.51591456282727,1.882,23.3793,"2025-04-11T14:10:24.777Z",5.5643
"Medidor 2 - L9","Corriente L3","A",4.51591456282727,1.882,23.3793,"2025-04-11T14:11:24.901Z",5.3964
"Medidor 2 - L9","Corriente L3","A",4.51591456282727,1.882,23.3793,"2025-04-11T14:12:25.072Z",5.4008
"Medidor 2 - L9","Corriente L3","A",4.51591456282727,1.882,23.3793,"2025-04-11T14:13:25.082Z",5.4102
"Medidor 2 - L9","Corriente L3","A",4.51591456282727,1.882,23.3793,"2025-04-11T14:14:25.174Z",5.389
"Medidor 2 - L9","Corriente L3","A",4.51591456282727,1.882,23.3793,"2025-04-11T14:15:25.297Z",5.4701
"Medidor 2 - L9","Corriente L3","A",4.51591456282727,1.882,23.3793,"2025-04-11T14:16:25.407Z",5.4331
"Medidor 2 - L9","Corriente L3","A",4.51591456282727,1.882,23.3793,"2025-04-11T14:17:25.491Z",5.3233
"Medidor 2 - L9","Corriente L3","A",4.51591456282727,1.882,23.3793,"2025-04-11T14:18:25.589Z",5.3047
"Medidor 2 - L9","Corriente L3","A",4.51591456282727,1.882,23.3793,"2025-04-11T14:19:25.676Z",7.0315
"Medidor 2 - L9","Corriente L3","A",4.51591456282727,1.882,23.3793,"2025-04-11T14:20:25.735Z",7.0002
"Medidor 2 - L9","Corriente L3","A",4.51591456282727,1.882,23.3793,"2025-04-11T14:21:25.883Z",7.1266
"Medidor 2 - L9","Corriente L3","A",4.51591456282727,1.882,23.3793,"2025-04-11T14:22:25.961Z",5.2998
"Medidor 2 - L9","Corriente L3","A",4.51591456282727,1.882,23.3793,"2025-04-11T14:23:26.025Z",5.3047
"Medidor 2 - L9","Corriente L3","A",4.51591456282727,1.882,23.3793,"2025-04-11T14:24:26.137Z",5.2671
"Medidor 2 - L9","Corriente L3","A",4.51591456282727,1.882,23.3793,"2025-04-11T14:25:26.212Z",5.2875
"Medidor 2 - L9","Corriente L3","A",4.51591456282727,1.882,23.3793,"2025-04-11T14:26:26.300Z",5.303
"Medidor 2 - L9","Corriente L3","A",4.51591456282727,1.882,23.3793,"2025-04-11T14:27:26.394Z",5.3239