"Device","Measurement","Unit","Average","Minimum","Maximum","Timestamp","Value"
"Medidor 5 - CEDITEC","Potencia activa L2","W",9437.143590456792,-447.3112,41542.9375,"2025-02-05T23:55:33.341Z",1543.8921
"Medidor 5 - CEDITEC","Potencia activa L2","W",9437.143590456792,-447.3112,41542.9375,"2025-02-05T23:56:33.413Z",1503.3521
"Medidor 5 - CEDITEC","Potencia activa L2","W",9437.143590456792,-447.3112,41542.9375,"2025-02-05T23:57:33.542Z",1470.4877
"Medidor 5 - CEDITEC","Potencia activa L2","W",9437.143590456792,-447.3112,41542.9375,"2025-02-05T23:58:33.639Z",1447.7314
"Medidor 5 - CEDITEC","Potencia activa L2","W",9437.143590456792,-447.3112,41542.9375,"2025-02-05T23:59:33.706Z",1399.5764
"Medidor 5 - CEDITEC","Potencia activa L2","W",9437.143590456792,-447.3112,41542.9375,"2025-02-06T00:00:33.808Z",1355.3926
"Medidor 5 - CEDITEC","Potencia activa L2","W",9437.143590456792,-447.3112,41542.9375,"2025-02-06T00:01:33.795Z",1358.2994
"Medidor 5 - CEDITEC","Potencia activa L2","W",9437.143590456792,-447.3112,41542.9375,"2025-02-06T00:02:33.900Z",1357.4493
"Medidor 5 - CEDITEC","Potencia activa L2","W",9437.143590456792,-447.3112,41542.9375,"2025-02-06T00:03:34.089Z",1356.4026
"Medidor 5 - CEDITEC","Potencia activa L2","W",9437.143590456792,-447.3112,41542.9375,"2025-02-06T00:04:34.157Z",1361.5778
"Medidor 5 - CEDITEC","Potencia activa L2","W",9437.143590456792,-447.3112,41542.9375,"2025-02-06T00:05:34.288Z",1313.5109
"Medidor 5 - CEDITEC","Potencia activa L2","W",9437.143590456792,-447.3112,41542.9375,"2025-02-06T00:06:34.209Z",1351.2112
"Medidor 5 - CEDITEC","Potencia activa L2","W",9437.143590456792,-447.3112,41542.9375,"2025-02-06T00:07:34.459Z",1348.1665
"Medidor 5 - CEDITEC","Potencia activa L2","W",9437.143590456792,-447.3112,41542.9375,"2025-02-06T00:08:34.521Z",1345.832
"Medidor 5 - CEDITEC","Potencia activa L2","W",9437.143590456792,-447.3112,41542.9375,"2025-02-06T00:09:34.637Z",1345.6342
"Medidor 5 - CEDITEC","Potencia activa L2","W",9437.143590456792,-447.3112,41542.9375,"2025-02-06T00:10:34.690Z",1339.2811
"Medidor 5 - CEDITEC","Potencia activa L2","W",9437.143590456792,-447.3112,41542.9375,"2025-02-06T00:11:34.800Z",1340.3181
"Medidor 5 - CEDITEC","Potencia activa L2","W",9437.143590456792,-447.3112,41542.9375,"2025-02-06T00:12:34.871Z",1347.1736
"Medidor 5 - CEDITEC","Potencia activa L2","W",9437.143590456792,-447.3112,41542.9375,"2025-02-06T00:13:34.883Z",1327.0448
"Medidor 5 - CEDITEC","Potencia activa L2","W",9437.143590456792,-447.3112,41542.9375,"2025-02-06T00:14:35.037Z",1327.1454
"Medidor 5 - CEDITEC","Potencia activa L2","W",9437.143590456792,-447.3112,41542.9375,"2025-02-06T00:15:35.110Z",1316.8674
"Medidor 5 - CEDITEC","Potencia activa L2","W",9437.143590456792,-447.3112,41542.9375,"2025-02-06T00:16:35.135Z",1318.5107
"Medidor 5 - CEDITEC","Potencia activa L2","W",9437.143590456792,-447.3112,41542.9375,"2025-02-06T00:17:35.272Z",1308.4821
"Medidor 5 - CEDITEC","Potencia activa L2","W",9437.143590456792,-447.3112,41542.9375,"2025-02-06T00:18:35.426Z",1321.2819
"Medidor 5 - CEDITEC","Potencia activa L2","W",9437.143590456792,-447.3112,41542.9375,"2025-02-06T00:19:35.474Z",1320.4551
"Medidor 5 - CEDITEC","Potencia activa L2","W",9437.143590456792,-447.3112,41542.9375,"2025-02-06T00:20:35.595Z",1322.3151
"Medidor 5 - CEDITEC","Potencia activa L2","W",9437.143590456792,-447.3112,41542.9375,"2025-02-06T00:21:35.703Z",1318.2222
"Medidor 5 - CEDITEC","Potencia activa L2","W",9437.143590456792,-447.3112,41542.9375,"2025-02-06T00:22:35.710Z",1321.9066
"Medidor 5 - CEDITEC","Potencia activa L2","W",9437.143590456792,-447.3112,41542.9375,"2025-02-06T00:23:35.857Z",1322.575
"Medidor 5 - CEDITEC","Potencia activa L2","W",9437.143590456792,-447.3112,41542.9375,"2025-02-06T00:24:35.880Z",1321.7185
"Medidor 5 - CEDITEC","Potencia activa L2","W",9437.143590456792,-447.3112,41542.9375,"2025-02-06T00:25:36.005Z",1318.6482
"Medidor 5 - CEDITEC","Potencia activa L2","W",9437.143590456792,-447.3112,41542.9375,"2025-02-06T00:26:36.062Z",1316.9923
"Medidor 5 - CEDITEC","Potencia activa L2","W",9437.143590456792,-447.3112,41542.9375,"2025-02-06T00:27:36.151Z",1317.5327
"Medidor 5 - CEDITEC","Potencia activa L2","W",9437.143590456792,-447.3112,41542.9375,"2025-02-06T00:28:36.245Z",1315.7715
"Medidor 5 - CEDITEC","Potencia activa L2","W",9437.143590456792,-447.3112,41542.9375,"2025-02-06T00:29:36.303Z",1324.3134
"Medidor 5 - CEDITEC","Potencia activa L2","W",9437.143590456792,-447.3112,41542.9375,"2025-02-06T00:30:36.403Z",1315.2648
"Medidor 5 - CEDITEC","Potencia activa L2","W",9437.143590456792,-447.3112,41542.9375,"2025-02-06T00:31:36.479Z",1321.8672
"Medidor 5 - CEDITEC","Potencia activa L2","W",9437.143590456792,-447.3112,41542.9375,"2025-02-06T00:32:36.578Z",1321.3916
"Medidor 5 - CEDITEC","Potencia activa L2","W",9437.143590456792,-447.3112,41542.9375,"2025-02-06T00:33:36.679Z",1324.0242
"Medidor 5 - CEDITEC","Potencia activa L2","W",9437.143590456792,-447.3112,41542.9375,"2025-02-06T00:34:36.822Z",1317.2771
"Medidor 5 - CEDITEC","Potencia activa L2","W",9437.143590456792,-447.3112,41542.9375,"2025-02-06T00:35:36.778Z",1315.2854
"Medidor 5 - CEDITEC","Potencia activa L2","W",9437.143590456792,-447.3112,41542.9375,"2025-02-06T00:36:36.893Z",1311.9751
"Medidor 5 - CEDITEC","Potencia activa L2","W",9437.143590456792,-447.3112,41542.9375,"2025-02-06T00:37:37.019Z",1310.4039
"Medidor 5 - CEDITEC","Potencia activa L2","W",9437.143590456792,-447.3112,41542.9375,"2025-02-06T00:38:37.043Z",1309.7826
"Medidor 5 - CEDITEC","Potencia activa L2","W",9437.143590456792,-447.3112,41542.9375,"2025-02-06T00:39:37.190Z",1344.0781
"Medidor 5 - CEDITEC","Potencia activa L2","W",9437.143590456792,-447.3112,41542.9375,"2025-02-06T00:40:37.257Z",1343.2461
"Medidor 5 - CEDITEC","Potencia activa L2","W",9437.143590456792,-447.3112,41542.9375,"2025-02-06T00:41:37.285Z",1343.53
"Medidor 5 - CEDITEC","Potencia activa L2","W",9437.143590456792,-447.3112,41542.9375,"2025-02-06T00:42:37.377Z",1340.9259
"Medidor 5 - CEDITEC","Potencia activa L2","W",9437.143590456792,-447.3112,41542.9375,"2025-02-06T00:43:37.476Z",1340.1427
"Medidor 5 - CEDITEC","Potencia activa L2","W",9437.143590456792,-447.3112,41542.9375,"2025-02-06T00:44:37.564Z",1339.9287
"Medidor 5 - CEDITEC","Potencia activa L2","W",9437.143590456792,-447.3112,41542.9375,"2025-02-06T00:45:37.722Z",1346.9136
"Medidor 5 - CEDITEC","Potencia activa L2","W",9437.143590456792,-447.3112,41542.9375,"2025-02-06T00:46:37.773Z",1344.8756
"Medidor 5 - CEDITEC","Potencia activa L2","W",9437.143590456792,-447.3112,41542.9375,"2025-02-06T00:47:37.880Z",1341.7169
"Medidor 5 - CEDITEC","Potencia activa L2","W",9437.143590456792,-447.3112,41542.9375,"2025-02-06T00:48:37.942Z",1341.2073
"Medidor 5 - CEDITEC","Potencia activa L2","W",9437.143590456792,-447.3112,41542.9375,"2025-02-06T00:49:37.988Z",1343.8051
"Medidor 5 - CEDITEC","Potencia activa L2","W",9437.143590456792,-447.3112,41542.9375,"2025-02-06T00:50:38.101Z",1340.7253
"Medidor 5 - CEDITEC","Potencia activa L2","W",9437.143590456792,-447.3112,41542.9375,"2025-02-06T00:51:38.147Z",1342.1892
"Medidor 5 - CEDITEC","Potencia activa L2","W",9437.143590456792,-447.3112,41542.9375,"2025-02-06T00:52:38.215Z",1340.0913
"Medidor 5 - CEDITEC","Potencia activa L2","W",9437.143590456792,-447.3112,41542.9375,"2025-02-06T00:53:38.301Z",1347.2302
"Medidor 5 - CEDITEC","Potencia activa L2","W",9437.143590456792,-447.3112,41542.9375,"2025-02-06T00:54:38.459Z",1342.4504
"Medidor 5 - CEDITEC","Potencia activa L2","W",9437.143590456792,-447.3112,41542.9375,"2025-02-06T00:55:38.566Z",1345.0389
"Medidor 5 - CEDITEC","Potencia activa L2","W",9437.143590456792,-447.3112,41542.9375,"2025-02-06T00:56:38.634Z",1344.6526
"Medidor 5 - CEDITEC","Potencia activa L2","W",9437.143590456792,-447.3112,41542.9375,"2025-02-06T00:57:38.722Z",1345.7651
"Medidor 5 - CEDITEC","Potencia activa L2","W",9437.143590456792,-447.3112,41542.9375,"2025-02-06T00:58:38.796Z",1348.4268
"Medidor 5 - CEDITEC","Potencia activa L2","W",9437.143590456792,-447.3112,41542.9375,"2025-02-06T00:59:38.899Z",1353.6635
"Medidor 5 - CEDITEC","Potencia activa L2","W",9437.143590456792,-447.3112,41542.9375,"2025-02-06T01:00:38.939Z",1354.5725
"Medidor 5 - CEDITEC","Potencia activa L2","W",9437.143590456792,-447.3112,41542.9375,"2025-02-06T01:01:39.009Z",1350.193
"Medidor 5 - CEDITEC","Potencia activa L2","W",9437.143590456792,-447.3112,41542.9375,"2025-02-06T01:02:39.128Z",1347.5845
"Medidor 5 - CEDITEC","Potencia activa L2","W",9437.143590456792,-447.3112,41542.9375,"2025-02-06T01:03:39.097Z",1352.1704
"Medidor 5 - CEDITEC","Potencia activa L2","W",9437.143590456792,-447.3112,41542.9375,"2025-02-06T01:04:39.263Z",1354.4111
"Medidor 5 - CEDITEC","Potencia activa L2","W",9437.143590456792,-447.3112,41542.9375,"2025-02-06T01:05:39.245Z",1351.5947
"Medidor 5 - CEDITEC","Potencia activa L2","W",9437.143590456792,-447.3112,41542.9375,"2025-02-06T01:06:39.437Z",1355.9755
"Medidor 5 - CEDITEC","Potencia activa L2","W",9437.143590456792,-447.3112,41542.9375,"2025-02-06T01:07:39.429Z",1357.0569
"Medidor 5 - CEDITEC","Potencia activa L2","W",9437.143590456792,-447.3112,41542.9375,"2025-02-06T01:08:39.600Z",1364.5581
"Medidor 5 - CEDITEC","Potencia activa L2","W",9437.143590456792,-447.3112,41542.9375,"2025-02-06T01:09:39.665Z",1355.7689
"Medidor 5 - CEDITEC","Potencia activa L2","W",9437.143590456792,-447.3112,41542.9375,"2025-02-06T01:10:39.824Z",1359.6986
"Medidor 5 - CEDITEC","Potencia activa L2","W",9437.143590456792,-447.3112,41542.9375,"2025-02-06T01:11:39.859Z",1359.3773
"Medidor 5 - CEDITEC","Potencia activa L2","W",9437.143590456792,-447.3112,41542.9375,"2025-02-06T01:12:39.925Z",1357.3086
"Medidor 5 - CEDITEC","Potencia activa L2","W",9437.143590456792,-447.3112,41542.9375,"2025-02-06T01:13:40.018Z",1360.8323
"Medidor 5 - CEDITEC","Potencia activa L2","W",9437.143590456792,-447.3112,41542.9375,"2025-02-06T01:14:40.123Z",1353.3015
"Medidor 5 - CEDITEC","Potencia activa L2","W",9437.143590456792,-447.3112,41542.9375,"2025-02-06T01:15:40.197Z",1355.0808
"Medidor 5 - CEDITEC","Potencia activa L2","W",9437.143590456792,-447.3112,41542.9375,"2025-02-06T01:16:40.259Z",1364.7007
"Medidor 5 - CEDITEC","Potencia activa L2","W",9437.143590456792,-447.3112,41542.9375,"2025-02-06T01:17:40.337Z",1361.2942
"Medidor 5 - CEDITEC","Potencia activa L2","W",9437.143590456792,-447.3112,41542.9375,"2025-02-06T01:18:40.413Z",1361.4888
"Medidor 5 - CEDITEC","Potencia activa L2","W",9437.143590456792,-447.3112,41542.9375,"2025-02-06T01:19:40.512Z",1362.0276
"Medidor 5 - CEDITEC","Potencia activa L2","W",9437.143590456792,-447.3112,41542.9375,"2025-02-06T01:20:40.653Z",1360.7103
"Medidor 5 - CEDITEC","Potencia activa L2","W",9437.143590456792,-447.3112,41542.9375,"2025-02-06T01:21:40.721Z",1363.2616
"Medidor 5 - CEDITEC","Potencia activa L2","W",9437.143590456792,-447.3112,41542.9375,"2025-02-06T01:22:40.791Z",1359.6348
"Medidor 5 - CEDITEC","Potencia activa L2","W",9437.143590456792,-447.3112,41542.9375,"2025-02-06T01:23:40.900Z",1362.7916
"Medidor 5 - CEDITEC","Potencia activa L2","W",9437.143590456792,-447.3112,41542.9375,"2025-02-06T01:24:40.968Z",1361.49
"Medidor 5 - CEDITEC","Potencia activa L2","W",9437.143590456792,-447.3112,41542.9375,"2025-02-06T01:25:41.058Z",1365.1011
"Medidor 5 - CEDITEC","Potencia activa L2","W",9437.143590456792,-447.3112,41542.9375,"2025-02-06T01:26:41.191Z",1369.5409
"Medidor 5 - CEDITEC","Potencia activa L2","W",9437.143590456792,-447.3112,41542.9375,"2025-02-06T01:27:41.146Z",1370.8499
"Medidor 5 - CEDITEC","Potencia activa L2","W",9437.143590456792,-447.3112,41542.9375,"2025-02-06T01:28:41.256Z",1368.4584
"Medidor 5 - CEDITEC","Potencia activa L2","W",9437.143590456792,-447.3112,41542.9375,"2025-02-06T01:29:41.261Z",1371.708
"Medidor 5 - CEDITEC","Potencia activa L2","W",9437.143590456792,-447.3112,41542.9375,"2025-02-06T01:30:41.463Z",1372.9192
"Medidor 5 - CEDITEC","Potencia activa L2","W",9437.143590456792,-447.3112,41542.9375,"2025-02-06T01:31:41.504Z",1377.3114
"Medidor 5 - CEDITEC","Potencia activa L2","W",9437.143590456792,-447.3112,41542.9375,"2025-02-06T01:32:41.600Z",1369.7422
"Medidor 5 - CEDITEC","Potencia activa L2","W",9437.143590456792,-447.3112,41542.9375,"2025-02-06T01:33:41.677Z",1371.5356
"Medidor 5 - CEDITEC","Potencia activa L2","W",9437.143590456792,-447.3112,41542.9375,"2025-02-06T01:34:41.768Z",1369.9131
"Medidor 5 - CEDITEC","Potencia activa L2","W",9437.143590456792,-447.3112,41542.9375,"2025-02-06T01:35:41.904Z",1370.9045
"Medidor 5 - CEDITEC","Potencia activa L2","W",9437.143590456792,-447.3112,41542.9375,"2025-02-06T01:36:41.982Z",1373.0798
"Medidor 5 - CEDITEC","Potencia activa L2","W",9437.143590456792,-447.3112,41542.9375,"2025-02-06T01:37:42.055Z",1371.6338
"Medidor 5 - CEDITEC","Potencia activa L2","W",9437.143590456792,-447.3112,41542.9375,"2025-02-06T01:38:42.223Z",1369.6194
"Medidor 5 - CEDITEC","Potencia activa L2","W",9437.143590456792,-447.3112,41542.9375,"2025-02-06T01:39:42.289Z",1389.972
"Medidor 5 - CEDITEC","Potencia activa L2","W",9437.143590456792,-447.3112,41542.9375,"2025-02-06T01:40:42.379Z",1370.4597
"Medidor 5 - CEDITEC","Potencia activa L2","W",9437.143590456792,-447.3112,41542.9375,"2025-02-06T01:41:42.401Z",1372.365
"Medidor 5 - CEDITEC","Potencia activa L2","W",9437.143590456792,-447.3112,41542.9375,"2025-02-06T01:42:42.493Z",1373.2875
"Medidor 5 - CEDITEC","Potencia activa L2","W",9437.143590456792,-447.3112,41542.9375,"2025-02-06T01:43:42.620Z",1371.3606
"Medidor 5 - CEDITEC","Potencia activa L2","W",9437.143590456792,-447.3112,41542.9375,"2025-02-06T01:44:42.706Z",1370.2175
"Medidor 5 - CEDITEC","Potencia activa L2","W",9437.143590456792,-447.3112,41542.9375,"2025-02-06T01:45:42.743Z",1377.5876
"Medidor 5 - CEDITEC","Potencia activa L2","W",9437.143590456792,-447.3112,41542.9375,"2025-02-06T01:46:42.875Z",1380.4446
"Medidor 5 - CEDITEC","Potencia activa L2","W",9437.143590456792,-447.3112,41542.9375,"2025-02-06T01:47:42.877Z",1388.9153
"Medidor 5 - CEDITEC","Potencia activa L2","W",9437.143590456792,-447.3112,41542.9375,"2025-02-06T01:48:42.997Z",1377.1216
"Medidor 5 - CEDITEC","Potencia activa L2","W",9437.143590456792,-447.3112,41542.9375,"2025-02-06T01:49:43.090Z",1380.1403
"Medidor 5 - CEDITEC","Potencia activa L2","W",9437.143590456792,-447.3112,41542.9375,"2025-02-06T01:50:43.142Z",1380.0156
"Medidor 5 - CEDITEC","Potencia activa L2","W",9437.143590456792,-447.3112,41542.9375,"2025-02-06T01:51:43.237Z",1377.8198
"Medidor 5 - CEDITEC","Potencia activa L2","W",9437.143590456792,-447.3112,41542.9375,"2025-02-06T01:52:43.255Z",1382.759
"Medidor 5 - CEDITEC","Potencia activa L2","W",9437.143590456792,-447.3112,41542.9375,"2025-02-06T01:53:43.352Z",1383.7991
"Medidor 5 - CEDITEC","Potencia activa L2","W",9437.143590456792,-447.3112,41542.9375,"2025-02-06T01:54:43.432Z",1382.298
"Medidor 5 - CEDITEC","Potencia activa L2","W",9437.143590456792,-447.3112,41542.9375,"2025-02-06T01:55:43.537Z",1411.5491
"Medidor 5 - CEDITEC","Potencia activa L2","W",9437.143590456792,-447.3112,41542.9375,"2025-02-06T01:56:43.581Z",1381.6919
"Medidor 5 - CEDITEC","Potencia activa L2","W",9437.143590456792,-447.3112,41542.9375,"2025-02-06T01:57:43.743Z",1382.8896
"Medidor 5 - CEDITEC","Potencia activa L2","W",9437.143590456792,-447.3112,41542.9375,"2025-02-06T01:58:43.800Z",1384.1584
"Medidor 5 - CEDITEC","Potencia activa L2","W",9437.143590456792,-447.3112,41542.9375,"2025-02-06T01:59:43.891Z",1384.9016
"Medidor 5 - CEDITEC","Potencia activa L2","W",9437.143590456792,-447.3112,41542.9375,"2025-02-06T02:00:44.027Z",1386.1477
"Medidor 5 - CEDITEC","Potencia activa L2","W",9437.143590456792,-447.3112,41542.9375,"2025-02-06T02:01:44.124Z",1386.9215
"Medidor 5 - CEDITEC","Potencia activa L2","W",9437.143590456792,-447.3112,41542.9375,"2025-02-06T02:02:44.195Z",1381.5626
"Medidor 5 - CEDITEC","Potencia activa L2","W",9437.143590456792,-447.3112,41542.9375,"2025-02-06T02:03:44.242Z",1382.8896
"Medidor 5 - CEDITEC","Potencia activa L2","W",9437.143590456792,-447.3112,41542.9375,"2025-02-06T02:04:44.293Z",1386.6565
"Medidor 5 - CEDITEC","Potencia activa L2","W",9437.143590456792,-447.3112,41542.9375,"2025-02-06T02:05:44.342Z",1386.7267
"Medidor 5 - CEDITEC","Potencia activa L2","W",9437.143590456792,-447.3112,41542.9375,"2025-02-06T02:06:44.489Z",1384.9523
"Medidor 5 - CEDITEC","Potencia activa L2","W",9437.143590456792,-447.3112,41542.9375,"2025-02-06T02:07:44.570Z",1389.8998
"Medidor 5 - CEDITEC","Potencia activa L2","W",9437.143590456792,-447.3112,41542.9375,"2025-02-06T02:08:44.678Z",1391.2396
"Medidor 5 - CEDITEC","Potencia activa L2","W",9437.143590456792,-447.3112,41542.9375,"2025-02-06T02:09:44.769Z",1390.5476
"Medidor 5 - CEDITEC","Potencia activa L2","W",9437.143590456792,-447.3112,41542.9375,"2025-02-06T02:10:44.871Z",1392.3362
"Medidor 5 - CEDITEC","Potencia activa L2","W",9437.143590456792,-447.3112,41542.9375,"2025-02-06T02:11:44.908Z",1390.8778
"Medidor 5 - CEDITEC","Potencia activa L2","W",9437.143590456792,-447.3112,41542.9375,"2025-02-06T02:12:44.992Z",1393.3735
"Medidor 5 - CEDITEC","Potencia activa L2","W",9437.143590456792,-447.3112,41542.9375,"2025-02-06T02:13:45.107Z",1392.0027
"Medidor 5 - CEDITEC","Potencia activa L2","W",9437.143590456792,-447.3112,41542.9375,"2025-02-06T02:14:45.625Z",1393.2141
"Medidor 5 - CEDITEC","Potencia activa L2","W",9437.143590456792,-447.3112,41542.9375,"2025-02-06T02:15:45.200Z",1369.1001
"Medidor 5 - CEDITEC","Potencia activa L2","W",9437.143590456792,-447.3112,41542.9375,"2025-02-06T02:16:45.351Z",1368.8599
"Medidor 5 - CEDITEC","Potencia activa L2","W",9437.143590456792,-447.3112,41542.9375,"2025-02-06T02:17:45.451Z",1367.9601
"Medidor 5 - CEDITEC","Potencia activa L2","W",9437.143590456792,-447.3112,41542.9375,"2025-02-06T02:18:45.488Z",1374.2273
"Medidor 5 - CEDITEC","Potencia activa L2","W",9437.143590456792,-447.3112,41542.9375,"2025-02-06T02:19:45.625Z",1367.8994
"Medidor 5 - CEDITEC","Potencia activa L2","W",9437.143590456792,-447.3112,41542.9375,"2025-02-06T02:20:45.679Z",1369.6851
"Medidor 5 - CEDITEC","Potencia activa L2","W",9437.143590456792,-447.3112,41542.9375,"2025-02-06T02:21:45.802Z",1372.4163
"Medidor 5 - CEDITEC","Potencia activa L2","W",9437.143590456792,-447.3112,41542.9375,"2025-02-06T02:22:45.934Z",1373.4113
"Medidor 5 - CEDITEC","Potencia activa L2","W",9437.143590456792,-447.3112,41542.9375,"2025-02-06T02:23:46.009Z",1360.7667
"Medidor 5 - CEDITEC","Potencia activa L2","W",9437.143590456792,-447.3112,41542.9375,"2025-02-06T02:24:46.063Z",1346.9719
"Medidor 5 - CEDITEC","Potencia activa L2","W",9437.143590456792,-447.3112,41542.9375,"2025-02-06T02:25:46.145Z",1347.7271
"Medidor 5 - CEDITEC","Potencia activa L2","W",9437.143590456792,-447.3112,41542.9375,"2025-02-06T02:26:46.237Z",1355.2882
"Medidor 5 - CEDITEC","Potencia activa L2","W",9437.143590456792,-447.3112,41542.9375,"2025-02-06T02:27:46.350Z",1342.0526
"Medidor 5 - CEDITEC","Potencia activa L2","W",9437.143590456792,-447.3112,41542.9375,"2025-02-06T02:28:46.342Z",1343.6177
"Medidor 5 - CEDITEC","Potencia activa L2","W",9437.143590456792,-447.3112,41542.9375,"2025-02-06T02:29:46.489Z",1343.4888
"Medidor 5 - CEDITEC","Potencia activa L2","W",9437.143590456792,-447.3112,41542.9375,"2025-02-06T02:30:46.555Z",1345.2655
"Medidor 5 - CEDITEC","Potencia activa L2","W",9437.143590456792,-447.3112,41542.9375,"2025-02-06T02:31:46.635Z",1345.8136
"Medidor 5 - CEDITEC","Potencia activa L2","W",9437.143590456792,-447.3112,41542.9375,"2025-02-06T02:32:46.758Z",1341.5066
"Medidor 5 - CEDITEC","Potencia activa L2","W",9437.143590456792,-447.3112,41542.9375,"2025-02-06T02:33:46.883Z",1341.7437
"Medidor 5 - CEDITEC","Potencia activa L2","W",9437.143590456792,-447.3112,41542.9375,"2025-02-06T02:34:47.010Z",1340.4697
"Medidor 5 - CEDITEC","Potencia activa L2","W",9437.143590456792,-447.3112,41542.9375,"2025-02-06T02:35:47.088Z",1343.4099
"Medidor 5 - CEDITEC","Potencia activa L2","W",9437.143590456792,-447.3112,41542.9375,"2025-02-06T02:36:47.068Z",1346.4802
"Medidor 5 - CEDITEC","Potencia activa L2","W",9437.143590456792,-447.3112,41542.9375,"2025-02-06T02:37:47.157Z",1346.9917
"Medidor 5 - CEDITEC","Potencia activa L2","W",9437.143590456792,-447.3112,41542.9375,"2025-02-06T02:38:47.283Z",1346.8606
"Medidor 5 - CEDITEC","Potencia activa L2","W",9437.143590456792,-447.3112,41542.9375,"2025-02-06T02:39:47.388Z",1345.4503
"Medidor 5 - CEDITEC","Potencia activa L2","W",9437.143590456792,-447.3112,41542.9375,"2025-02-06T02:40:47.348Z",1345.4896
"Medidor 5 - CEDITEC","Potencia activa L2","W",9437.143590456792,-447.3112,41542.9375,"2025-02-06T02:41:47.487Z",1357.8889
"Medidor 5 - CEDITEC","Potencia activa L2","W",9437.143590456792,-447.3112,41542.9375,"2025-02-06T02:42:47.596Z",1351.9783
"Medidor 5 - CEDITEC","Potencia activa L2","W",9437.143590456792,-447.3112,41542.9375,"2025-02-06T02:43:47.718Z",1347.9938
"Medidor 5 - CEDITEC","Potencia activa L2","W",9437.143590456792,-447.3112,41542.9375,"2025-02-06T02:44:47.799Z",1352.4525
"Medidor 5 - CEDITEC","Potencia activa L2","W",9437.143590456792,-447.3112,41542.9375,"2025-02-06T02:45:47.811Z",1356.0125
"Medidor 5 - CEDITEC","Potencia activa L2","W",9437.143590456792,-447.3112,41542.9375,"2025-02-06T02:46:47.919Z",1356.2087
"Medidor 5 - CEDITEC","Potencia activa L2","W",9437.143590456792,-447.3112,41542.9375,"2025-02-06T02:47:47.976Z",1353.6702
"Medidor 5 - CEDITEC","Potencia activa L2","W",9437.143590456792,-447.3112,41542.9375,"2025-02-06T02:48:48.047Z",1358.3251
"Medidor 5 - CEDITEC","Potencia activa L2","W",9437.143590456792,-447.3112,41542.9375,"2025-02-06T02:49:48.139Z",1361.1814
"Medidor 5 - CEDITEC","Potencia activa L2","W",9437.143590456792,-447.3112,41542.9375,"2025-02-06T02:50:48.188Z",1358.3113
"Medidor 5 - CEDITEC","Potencia activa L2","W",9437.143590456792,-447.3112,41542.9375,"2025-02-06T02:51:48.277Z",1359.3785
"Medidor 5 - CEDITEC","Potencia activa L2","W",9437.143590456792,-447.3112,41542.9375,"2025-02-06T02:52:48.371Z",1357.801
"Medidor 5 - CEDITEC","Potencia activa L2","W",9437.143590456792,-447.3112,41542.9375,"2025-02-06T02:53:48.398Z",1359.4792
"Medidor 5 - CEDITEC","Potencia activa L2","W",9437.143590456792,-447.3112,41542.9375,"2025-02-06T02:54:48.520Z",1359.8162
"Medidor 5 - CEDITEC","Potencia activa L2","W",9437.143590456792,-447.3112,41542.9375,"2025-02-06T02:55:48.575Z",1360.7203
"Medidor 5 - CEDITEC","Potencia activa L2","W",9437.143590456792,-447.3112,41542.9375,"2025-02-06T02:56:48.680Z",1366.8008
"Medidor 5 - CEDITEC","Potencia activa L2","W",9437.143590456792,-447.3112,41542.9375,"2025-02-06T02:57:48.704Z",1361.6794
"Medidor 5 - CEDITEC","Potencia activa L2","W",9437.143590456792,-447.3112,41542.9375,"2025-02-06T02:58:48.862Z",1362.0278
"Medidor 5 - CEDITEC","Potencia activa L2","W",9437.143590456792,-447.3112,41542.9375,"2025-02-06T02:59:48.972Z",1361.3103
"Medidor 5 - CEDITEC","Potencia activa L2","W",9437.143590456792,-447.3112,41542.9375,"2025-02-06T03:00:49.014Z",1367.2017
"Medidor 5 - CEDITEC","Potencia activa L2","W",9437.143590456792,-447.3112,41542.9375,"2025-02-06T03:01:49.152Z",1355.9169
"Medidor 5 - CEDITEC","Potencia activa L2","W",9437.143590456792,-447.3112,41542.9375,"2025-02-06T03:02:49.190Z",1354.0515
"Medidor 5 - CEDITEC","Potencia activa L2","W",9437.143590456792,-447.3112,41542.9375,"2025-02-06T03:03:49.295Z",1358.4279
"Medidor 5 - CEDITEC","Potencia activa L2","W",9437.143590456792,-447.3112,41542.9375,"2025-02-06T03:04:49.360Z",1363.3746
"Medidor 5 - CEDITEC","Potencia activa L2","W",9437.143590456792,-447.3112,41542.9375,"2025-02-06T03:05:49.403Z",1351.1229
"Medidor 5 - CEDITEC","Potencia activa L2","W",9437.143590456792,-447.3112,41542.9375,"2025-02-06T03:06:49.574Z",1359.1534
"Medidor 5 - CEDITEC","Potencia activa L2","W",9437.143590456792,-447.3112,41542.9375,"2025-02-06T03:07:49.722Z",1362.0079
"Medidor 5 - CEDITEC","Potencia activa L2","W",9437.143590456792,-447.3112,41542.9375,"2025-02-06T03:08:49.780Z",1363.9829
"Medidor 5 - CEDITEC","Potencia activa L2","W",9437.143590456792,-447.3112,41542.9375,"2025-02-06T03:09:49.885Z",1359.0968
"Medidor 5 - CEDITEC","Potencia activa L2","W",9437.143590456792,-447.3112,41542.9375,"2025-02-06T03:10:49.938Z",1359.0486
"Medidor 5 - CEDITEC","Potencia activa L2","W",9437.143590456792,-447.3112,41542.9375,"2025-02-06T03:11:50.072Z",1358.5826
"Medidor 5 - CEDITEC","Potencia activa L2","W",9437.143590456792,-447.3112,41542.9375,"2025-02-06T03:12:50.133Z",1360.1414
"Medidor 5 - CEDITEC","Potencia activa L2","W",9437.143590456792,-447.3112,41542.9375,"2025-02-06T03:13:50.233Z",1361.967
"Medidor 5 - CEDITEC","Potencia activa L2","W",9437.143590456792,-447.3112,41542.9375,"2025-02-06T03:14:50.337Z",1363.4154
"Medidor 5 - CEDITEC","Potencia activa L2","W",9437.143590456792,-447.3112,41542.9375,"2025-02-06T03:15:50.410Z",1363.8324
"Medidor 5 - CEDITEC","Potencia activa L2","W",9437.143590456792,-447.3112,41542.9375,"2025-02-06T03:16:50.501Z",1363.3164
"Medidor 5 - CEDITEC","Potencia activa L2","W",9437.143590456792,-447.3112,41542.9375,"2025-02-06T03:17:50.602Z",1360.4653
"Medidor 5 - CEDITEC","Potencia activa L2","W",9437.143590456792,-447.3112,41542.9375,"2025-02-06T03:18:50.663Z",1362.3457
"Medidor 5 - CEDITEC","Potencia activa L2","W",9437.143590456792,-447.3112,41542.9375,"2025-02-06T03:19:50.663Z",1370.6678
"Medidor 5 - CEDITEC","Potencia activa L2","W",9437.143590456792,-447.3112,41542.9375,"2025-02-06T03:20:50.788Z",1362.5331
"Medidor 5 - CEDITEC","Potencia activa L2","W",9437.143590456792,-447.3112,41542.9375,"2025-02-06T03:21:50.866Z",1362.9875
"Medidor 5 - CEDITEC","Potencia activa L2","W",9437.143590456792,-447.3112,41542.9375,"2025-02-06T03:22:50.994Z",1363.9008
"Medidor 5 - CEDITEC","Potencia activa L2","W",9437.143590456792,-447.3112,41542.9375,"2025-02-06T03:23:51.029Z",1363.4443
"Medidor 5 - CEDITEC","Potencia activa L2","W",9437.143590456792,-447.3112,41542.9375,"2025-02-06T03:24:51.187Z",1362.5488
"Medidor 5 - CEDITEC","Potencia activa L2","W",9437.143590456792,-447.3112,41542.9375,"2025-02-06T03:25:51.206Z",1363.9679
"Medidor 5 - CEDITEC","Potencia activa L2","W",9437.143590456792,-447.3112,41542.9375,"2025-02-06T03:26:51.282Z",1367.0906
"Medidor 5 - CEDITEC","Potencia activa L2","W",9437.143590456792,-447.3112,41542.9375,"2025-02-06T03:27:51.436Z",1371.6731
"Medidor 5 - CEDITEC","Potencia activa L2","W",9437.143590456792,-447.3112,41542.9375,"2025-02-06T03:28:51.454Z",1363.3971
"Medidor 5 - CEDITEC","Potencia activa L2","W",9437.143590456792,-447.3112,41542.9375,"2025-02-06T03:29:51.519Z",1363.0193
"Medidor 5 - CEDITEC","Potencia activa L2","W",9437.143590456792,-447.3112,41542.9375,"2025-02-06T03:30:51.717Z",1362.5774
"Medidor 5 - CEDITEC","Potencia activa L2","W",9437.143590456792,-447.3112,41542.9375,"2025-02-06T03:31:51.768Z",1361.0729
"Medidor 5 - CEDITEC","Potencia activa L2","W",9437.143590456792,-447.3112,41542.9375,"2025-02-06T03:32:51.717Z",1361.5648
"Medidor 5 - CEDITEC","Potencia activa L2","W",9437.143590456792,-447.3112,41542.9375,"2025-02-06T03:33:51.937Z",1362.0618
"Medidor 5 - CEDITEC","Potencia activa L2","W",9437.143590456792,-447.3112,41542.9375,"2025-02-06T03:34:51.987Z",1358.318
"Medidor 5 - CEDITEC","Potencia activa L2","W",9437.143590456792,-447.3112,41542.9375,"2025-02-06T03:35:52.098Z",1354.084
"Medidor 5 - CEDITEC","Potencia activa L2","W",9437.143590456792,-447.3112,41542.9375,"2025-02-06T03:36:52.155Z",1357.9174
"Medidor 5 - CEDITEC","Potencia activa L2","W",9437.143590456792,-447.3112,41542.9375,"2025-02-06T03:37:52.245Z",1358.5696
"Medidor 5 - CEDITEC","Potencia activa L2","W",9437.143590456792,-447.3112,41542.9375,"2025-02-06T03:38:52.334Z",1346.8157
"Medidor 5 - CEDITEC","Potencia activa L2","W",9437.143590456792,-447.3112,41542.9375,"2025-02-06T03:39:52.510Z",1352.2971
"Medidor 5 - CEDITEC","Potencia activa L2","W",9437.143590456792,-447.3112,41542.9375,"2025-02-06T03:40:52.612Z",1349.6132
"Medidor 5 - CEDITEC","Potencia activa L2","W",9437.143590456792,-447.3112,41542.9375,"2025-02-06T03:41:52.659Z",1353.8926
"Medidor 5 - CEDITEC","Potencia activa L2","W",9437.143590456792,-447.3112,41542.9375,"2025-02-06T03:42:52.776Z",1362.2512
"Medidor 5 - CEDITEC","Potencia activa L2","W",9437.143590456792,-447.3112,41542.9375,"2025-02-06T03:43:52.796Z",1358.5411
"Medidor 5 - CEDITEC","Potencia activa L2","W",9437.143590456792,-447.3112,41542.9375,"2025-02-06T03:44:53.031Z",1357.9731
"Medidor 5 - CEDITEC","Potencia activa L2","W",9437.143590456792,-447.3112,41542.9375,"2025-02-06T03:45:53.067Z",1356.59
"Medidor 5 - CEDITEC","Potencia activa L2","W",9437.143590456792,-447.3112,41542.9375,"2025-02-06T03:46:53.197Z",1352.4901
"Medidor 5 - CEDITEC","Potencia activa L2","W",9437.143590456792,-447.3112,41542.9375,"2025-02-06T03:47:53.227Z",1366.4948
"Medidor 5 - CEDITEC","Potencia activa L2","W",9437.143590456792,-447.3112,41542.9375,"2025-02-06T03:48:53.337Z",1359.1058
"Medidor 5 - CEDITEC","Potencia activa L2","W",9437.143590456792,-447.3112,41542.9375,"2025-02-06T03:49:53.416Z",1350.6013
"Medidor 5 - CEDITEC","Potencia activa L2","W",9437.143590456792,-447.3112,41542.9375,"2025-02-06T03:50:53.420Z",1360.9067
"Medidor 5 - CEDITEC","Potencia activa L2","W",9437.143590456792,-447.3112,41542.9375,"2025-02-06T03:51:53.493Z",1362.5514
"Medidor 5 - CEDITEC","Potencia activa L2","W",9437.143590456792,-447.3112,41542.9375,"2025-02-06T03:52:53.606Z",1360.9629
"Medidor 5 - CEDITEC","Potencia activa L2","W",9437.143590456792,-447.3112,41542.9375,"2025-02-06T03:53:53.677Z",1360.3948
"Medidor 5 - CEDITEC","Potencia activa L2","W",9437.143590456792,-447.3112,41542.9375,"2025-02-06T03:54:53.744Z",1363.3568
"Medidor 5 - CEDITEC","Potencia activa L2","W",9437.143590456792,-447.3112,41542.9375,"2025-02-06T03:55:53.810Z",1365.4678
"Medidor 5 - CEDITEC","Potencia activa L2","W",9437.143590456792,-447.3112,41542.9375,"2025-02-06T03:56:53.961Z",1367.5616
"Medidor 5 - CEDITEC","Potencia activa L2","W",9437.143590456792,-447.3112,41542.9375,"2025-02-06T03:57:53.954Z",1376.532
"Medidor 5 - CEDITEC","Potencia activa L2","W",9437.143590456792,-447.3112,41542.9375,"2025-02-06T03:58:54.016Z",1379.6697
"Medidor 5 - CEDITEC","Potencia activa L2","W",9437.143590456792,-447.3112,41542.9375,"2025-02-06T03:59:54.127Z",1382.6722
"Medidor 5 - CEDITEC","Potencia activa L2","W",9437.143590456792,-447.3112,41542.9375,"2025-02-06T04:00:54.190Z",1383.03
"Medidor 5 - CEDITEC","Potencia activa L2","W",9437.143590456792,-447.3112,41542.9375,"2025-02-06T04:01:54.237Z",1372.8313
"Medidor 5 - CEDITEC","Potencia activa L2","W",9437.143590456792,-447.3112,41542.9375,"2025-02-06T04:02:54.337Z",1376.0234
"Medidor 5 - CEDITEC","Potencia activa L2","W",9437.143590456792,-447.3112,41542.9375,"2025-02-06T04:03:54.351Z",1368.463
"Medidor 5 - CEDITEC","Potencia activa L2","W",9437.143590456792,-447.3112,41542.9375,"2025-02-06T04:04:54.506Z",1366.0635
"Medidor 5 - CEDITEC","Potencia activa L2","W",9437.143590456792,-447.3112,41542.9375,"2025-02-06T04:05:54.514Z",1375.8201
"Medidor 5 - CEDITEC","Potencia activa L2","W",9437.143590456792,-447.3112,41542.9375,"2025-02-06T04:06:54.660Z",1366.9581
"Medidor 5 - CEDITEC","Potencia activa L2","W",9437.143590456792,-447.3112,41542.9375,"2025-02-06T04:07:54.783Z",1365.1362
"Medidor 5 - CEDITEC","Potencia activa L2","W",9437.143590456792,-447.3112,41542.9375,"2025-02-06T04:08:54.886Z",1362.6447
"Medidor 5 - CEDITEC","Potencia activa L2","W",9437.143590456792,-447.3112,41542.9375,"2025-02-06T04:09:54.948Z",1361.8296
"Medidor 5 - CEDITEC","Potencia activa L2","W",9437.143590456792,-447.3112,41542.9375,"2025-02-06T04:10:55.022Z",1367.392
"Medidor 5 - CEDITEC","Potencia activa L2","W",9437.143590456792,-447.3112,41542.9375,"2025-02-06T04:11:55.031Z",1366.3467
"Medidor 5 - CEDITEC","Potencia activa L2","W",9437.143590456792,-447.3112,41542.9375,"2025-02-06T04:12:55.195Z",1379.6556
"Medidor 5 - CEDITEC","Potencia activa L2","W",9437.143590456792,-447.3112,41542.9375,"2025-02-06T04:13:55.305Z",1382.9357
"Medidor 5 - CEDITEC","Potencia activa L2","W",9437.143590456792,-447.3112,41542.9375,"2025-02-06T04:14:55.408Z",1375.1355
"Medidor 5 - CEDITEC","Potencia activa L2","W",9437.143590456792,-447.3112,41542.9375,"2025-02-06T04:15:55.493Z",1376.5541
"Medidor 5 - CEDITEC","Potencia activa L2","W",9437.143590456792,-447.3112,41542.9375,"2025-02-06T04:16:55.607Z",1381.8809
"Medidor 5 - CEDITEC","Potencia activa L2","W",9437.143590456792,-447.3112,41542.9375,"2025-02-06T04:17:55.616Z",1383.1917
"Medidor 5 - CEDITEC","Potencia activa L2","W",9437.143590456792,-447.3112,41542.9375,"2025-02-06T04:18:55.780Z",1381.8605
"Medidor 5 - CEDITEC","Potencia activa L2","W",9437.143590456792,-447.3112,41542.9375,"2025-02-06T04:19:55.875Z",1382.6036
"Medidor 5 - CEDITEC","Potencia activa L2","W",9437.143590456792,-447.3112,41542.9375,"2025-02-06T04:20:56.044Z",1376.6648
"Medidor 5 - CEDITEC","Potencia activa L2","W",9437.143590456792,-447.3112,41542.9375,"2025-02-06T04:21:56.105Z",1374.4246
"Medidor 5 - CEDITEC","Potencia activa L2","W",9437.143590456792,-447.3112,41542.9375,"2025-02-06T04:22:56.202Z",1377.9926
"Medidor 5 - CEDITEC","Potencia activa L2","W",9437.143590456792,-447.3112,41542.9375,"2025-02-06T04:23:56.299Z",1377.2048
"Medidor 5 - CEDITEC","Potencia activa L2","W",9437.143590456792,-447.3112,41542.9375,"2025-02-06T04:24:56.361Z",1370.1891
"Medidor 5 - CEDITEC","Potencia activa L2","W",9437.143590456792,-447.3112,41542.9375,"2025-02-06T04:25:56.513Z",1373.3038
"Medidor 5 - CEDITEC","Potencia activa L2","W",9437.143590456792,-447.3112,41542.9375,"2025-02-06T04:26:56.533Z",1377.2676
"Medidor 5 - CEDITEC","Potencia activa L2","W",9437.143590456792,-447.3112,41542.9375,"2025-02-06T04:27:56.601Z",1387.9139
"Medidor 5 - CEDITEC","Potencia activa L2","W",9437.143590456792,-447.3112,41542.9375,"2025-02-06T04:28:56.685Z",1393.3636
"Medidor 5 - CEDITEC","Potencia activa L2","W",9437.143590456792,-447.3112,41542.9375,"2025-02-06T04:29:56.746Z",1386.9664
"Medidor 5 - CEDITEC","Potencia activa L2","W",9437.143590456792,-447.3112,41542.9375,"2025-02-06T04:30:56.900Z",1386.3174
"Medidor 5 - CEDITEC","Potencia activa L2","W",9437.143590456792,-447.3112,41542.9375,"2025-02-06T04:31:56.933Z",1392.2583
"Medidor 5 - CEDITEC","Potencia activa L2","W",9437.143590456792,-447.3112,41542.9375,"2025-02-06T04:32:57.071Z",1393.5251
"Medidor 5 - CEDITEC","Potencia activa L2","W",9437.143590456792,-447.3112,41542.9375,"2025-02-06T04:33:57.098Z",1395.5605
"Medidor 5 - CEDITEC","Potencia activa L2","W",9437.143590456792,-447.3112,41542.9375,"2025-02-06T04:34:57.229Z",1396.0558
"Medidor 5 - CEDITEC","Potencia activa L2","W",9437.143590456792,-447.3112,41542.9375,"2025-02-06T04:35:57.293Z",1393.0681
"Medidor 5 - CEDITEC","Potencia activa L2","W",9437.143590456792,-447.3112,41542.9375,"2025-02-06T04:36:57.360Z",1401.7109
"Medidor 5 - CEDITEC","Potencia activa L2","W",9437.143590456792,-447.3112,41542.9375,"2025-02-06T04:37:57.436Z",1390.7948
"Medidor 5 - CEDITEC","Potencia activa L2","W",9437.143590456792,-447.3112,41542.9375,"2025-02-06T04:38:57.532Z",1393.2847
"Medidor 5 - CEDITEC","Potencia activa L2","W",9437.143590456792,-447.3112,41542.9375,"2025-02-06T04:39:57.582Z",1392.1112
"Medidor 5 - CEDITEC","Potencia activa L2","W",9437.143590456792,-447.3112,41542.9375,"2025-02-06T04:40:57.651Z",1389.9292
"Medidor 5 - CEDITEC","Potencia activa L2","W",9437.143590456792,-447.3112,41542.9375,"2025-02-06T04:41:57.834Z",1392.2882
"Medidor 5 - CEDITEC","Potencia activa L2","W",9437.143590456792,-447.3112,41542.9375,"2025-02-06T04:42:57.886Z",1396.8733
"Medidor 5 - CEDITEC","Potencia activa L2","W",9437.143590456792,-447.3112,41542.9375,"2025-02-06T04:43:58.043Z",1399.3879
"Medidor 5 - CEDITEC","Potencia activa L2","W",9437.143590456792,-447.3112,41542.9375,"2025-02-06T04:44:58.091Z",1397.6099
"Medidor 5 - CEDITEC","Potencia activa L2","W",9437.143590456792,-447.3112,41542.9375,"2025-02-06T04:45:58.225Z",1400.5173
"Medidor 5 - CEDITEC","Potencia activa L2","W",9437.143590456792,-447.3112,41542.9375,"2025-02-06T04:46:58.296Z",1406.3057
"Medidor 5 - CEDITEC","Potencia activa L2","W",9437.143590456792,-447.3112,41542.9375,"2025-02-06T04:47:58.388Z",1408.9976
"Medidor 5 - CEDITEC","Potencia activa L2","W",9437.143590456792,-447.3112,41542.9375,"2025-02-06T04:48:58.530Z",1407.7173
"Medidor 5 - CEDITEC","Potencia activa L2","W",9437.143590456792,-447.3112,41542.9375,"2025-02-06T04:49:58.506Z",1409.9019
"Medidor 5 - CEDITEC","Potencia activa L2","W",9437.143590456792,-447.3112,41542.9375,"2025-02-06T04:50:58.689Z",1415.7917
"Medidor 5 - CEDITEC","Potencia activa L2","W",9437.143590456792,-447.3112,41542.9375,"2025-02-06T04:51:58.723Z",1406.1769
"Medidor 5 - CEDITEC","Potencia activa L2","W",9437.143590456792,-447.3112,41542.9375,"2025-02-06T04:52:58.807Z",1409.0931
"Medidor 5 - CEDITEC","Potencia activa L2","W",9437.143590456792,-447.3112,41542.9375,"2025-02-06T04:53:58.860Z",1406.4971
"Medidor 5 - CEDITEC","Potencia activa L2","W",9437.143590456792,-447.3112,41542.9375,"2025-02-06T04:54:58.920Z",1401.4703
"Medidor 5 - CEDITEC","Potencia activa L2","W",9437.143590456792,-447.3112,41542.9375,"2025-02-06T04:55:59.031Z",1402.4803
"Medidor 5 - CEDITEC","Potencia activa L2","W",9437.143590456792,-447.3112,41542.9375,"2025-02-06T04:56:59.125Z",1400.5417
"Medidor 5 - CEDITEC","Potencia activa L2","W",9437.143590456792,-447.3112,41542.9375,"2025-02-06T04:57:59.199Z",1403.2273
"Medidor 5 - CEDITEC","Potencia activa L2","W",9437.143590456792,-447.3112,41542.9375,"2025-02-06T04:58:59.291Z",1403.7524
"Medidor 5 - CEDITEC","Potencia activa L2","W",9437.143590456792,-447.3112,41542.9375,"2025-02-06T04:59:59.388Z",1407.6292
"Medidor 5 - CEDITEC","Potencia activa L2","W",9437.143590456792,-447.3112,41542.9375,"2025-02-06T05:00:59.477Z",1405.7471
"Medidor 5 - CEDITEC","Potencia activa L2","W",9437.143590456792,-447.3112,41542.9375,"2025-02-06T05:01:59.539Z",1411.0933
"Medidor 5 - CEDITEC","Potencia activa L2","W",9437.143590456792,-447.3112,41542.9375,"2025-02-06T05:02:59.604Z",1408.6779
"Medidor 5 - CEDITEC","Potencia activa L2","W",9437.143590456792,-447.3112,41542.9375,"2025-02-06T05:03:59.731Z",1412.2776
"Medidor 5 - CEDITEC","Potencia activa L2","W",9437.143590456792,-447.3112,41542.9375,"2025-02-06T05:04:59.827Z",1413.0864
"Medidor 5 - CEDITEC","Potencia activa L2","W",9437.143590456792,-447.3112,41542.9375,"2025-02-06T05:05:59.940Z",1409.364
"Medidor 5 - CEDITEC","Potencia activa L2","W",9437.143590456792,-447.3112,41542.9375,"2025-02-06T05:06:59.969Z",1407.1813
"Medidor 5 - CEDITEC","Potencia activa L2","W",9437.143590456792,-447.3112,41542.9375,"2025-02-06T05:08:00.070Z",1417.8905
"Medidor 5 - CEDITEC","Potencia activa L2","W",9437.143590456792,-447.3112,41542.9375,"2025-02-06T05:09:00.103Z",1413.1809
"Medidor 5 - CEDITEC","Potencia activa L2","W",9437.143590456792,-447.3112,41542.9375,"2025-02-06T05:10:00.157Z",1412.022
"Medidor 5 - CEDITEC","Potencia activa L2","W",9437.143590456792,-447.3112,41542.9375,"2025-02-06T05:11:00.336Z",1411.4358
"Medidor 5 - CEDITEC","Potencia activa L2","W",9437.143590456792,-447.3112,41542.9375,"2025-02-06T05:12:00.343Z",1415.2371
"Medidor 5 - CEDITEC","Potencia activa L2","W",9437.143590456792,-447.3112,41542.9375,"2025-02-06T05:13:00.483Z",1420.3174
"Medidor 5 - CEDITEC","Potencia activa L2","W",9437.143590456792,-447.3112,41542.9375,"2025-02-06T05:14:00.549Z",1418.4393
"Medidor 5 - CEDITEC","Potencia activa L2","W",9437.143590456792,-447.3112,41542.9375,"2025-02-06T05:15:00.676Z",1414.3458
"Medidor 5 - CEDITEC","Potencia activa L2","W",9437.143590456792,-447.3112,41542.9375,"2025-02-06T05:16:00.746Z",1419.3768
"Medidor 5 - CEDITEC","Potencia activa L2","W",9437.143590456792,-447.3112,41542.9375,"2025-02-06T05:17:00.917Z",1406.4044
"Medidor 5 - CEDITEC","Potencia activa L2","W",9437.143590456792,-447.3112,41542.9375,"2025-02-06T05:18:00.903Z",1406.135
"Medidor 5 - CEDITEC","Potencia activa L2","W",9437.143590456792,-447.3112,41542.9375,"2025-02-06T05:19:00.975Z",1405.1671
"Medidor 5 - CEDITEC","Potencia activa L2","W",9437.143590456792,-447.3112,41542.9375,"2025-02-06T05:20:01.182Z",1405.6196
"Medidor 5 - CEDITEC","Potencia activa L2","W",9437.143590456792,-447.3112,41542.9375,"2025-02-06T05:21:01.197Z",1404.9498
"Medidor 5 - CEDITEC","Potencia activa L2","W",9437.143590456792,-447.3112,41542.9375,"2025-02-06T05:22:01.327Z",1406.59
"Medidor 5 - CEDITEC","Potencia activa L2","W",9437.143590456792,-447.3112,41542.9375,"2025-02-06T05:23:01.420Z",1404.7094
"Medidor 5 - CEDITEC","Potencia activa L2","W",9437.143590456792,-447.3112,41542.9375,"2025-02-06T05:24:01.444Z",1412.1478
"Medidor 5 - CEDITEC","Potencia activa L2","W",9437.143590456792,-447.3112,41542.9375,"2025-02-06T05:25:01.545Z",1410.1841
"Medidor 5 - CEDITEC","Potencia activa L2","W",9437.143590456792,-447.3112,41542.9375,"2025-02-06T05:26:01.595Z",1415.4353
"Medidor 5 - CEDITEC","Potencia activa L2","W",9437.143590456792,-447.3112,41542.9375,"2025-02-06T05:27:01.746Z",1413.2908
"Medidor 5 - CEDITEC","Potencia activa L2","W",9437.143590456792,-447.3112,41542.9375,"2025-02-06T05:28:01.842Z",1413.7555
"Medidor 5 - CEDITEC","Potencia activa L2","W",9437.143590456792,-447.3112,41542.9375,"2025-02-06T05:29:01.923Z",1410.8405
"Medidor 5 - CEDITEC","Potencia activa L2","W",9437.143590456792,-447.3112,41542.9375,"2025-02-06T05:30:02.036Z",1416.9521
"Medidor 5 - CEDITEC","Potencia activa L2","W",9437.143590456792,-447.3112,41542.9375,"2025-02-06T05:31:02.074Z",1407.1693
"Medidor 5 - CEDITEC","Potencia activa L2","W",9437.143590456792,-447.3112,41542.9375,"2025-02-06T05:32:02.285Z",1416.9348
"Medidor 5 - CEDITEC","Potencia activa L2","W",9437.143590456792,-447.3112,41542.9375,"2025-02-06T05:33:02.236Z",1409.2542
"Medidor 5 - CEDITEC","Potencia activa L2","W",9437.143590456792,-447.3112,41542.9375,"2025-02-06T05:34:02.461Z",1409.2141
"Medidor 5 - CEDITEC","Potencia activa L2","W",9437.143590456792,-447.3112,41542.9375,"2025-02-06T05:35:02.498Z",1410.4541
"Medidor 5 - CEDITEC","Potencia activa L2","W",9437.143590456792,-447.3112,41542.9375,"2025-02-06T05:36:02.512Z",1422.4624
"Medidor 5 - CEDITEC","Potencia activa L2","W",9437.143590456792,-447.3112,41542.9375,"2025-02-06T05:37:02.598Z",1423.7294
"Medidor 5 - CEDITEC","Potencia activa L2","W",9437.143590456792,-447.3112,41542.9375,"2025-02-06T05:38:02.700Z",1434.1394
"Medidor 5 - CEDITEC","Potencia activa L2","W",9437.143590456792,-447.3112,41542.9375,"2025-02-06T05:39:02.785Z",1400.8728
"Medidor 5 - CEDITEC","Potencia activa L2","W",9437.143590456792,-447.3112,41542.9375,"2025-02-06T05:40:02.806Z",1395.6484
"Medidor 5 - CEDITEC","Potencia activa L2","W",9437.143590456792,-447.3112,41542.9375,"2025-02-06T05:41:02.974Z",1401.7952
"Medidor 5 - CEDITEC","Potencia activa L2","W",9437.143590456792,-447.3112,41542.9375,"2025-02-06T05:42:03.044Z",1393.0903
"Medidor 5 - CEDITEC","Potencia activa L2","W",9437.143590456792,-447.3112,41542.9375,"2025-02-06T05:43:03.135Z",1396.3214
"Medidor 5 - CEDITEC","Potencia activa L2","W",9437.143590456792,-447.3112,41542.9375,"2025-02-06T05:44:03.264Z",1390.2163
"Medidor 5 - CEDITEC","Potencia activa L2","W",9437.143590456792,-447.3112,41542.9375,"2025-02-06T05:45:03.378Z",1390.7551
"Medidor 5 - CEDITEC","Potencia activa L2","W",9437.143590456792,-447.3112,41542.9375,"2025-02-06T05:46:03.361Z",1378.3009
"Medidor 5 - CEDITEC","Potencia activa L2","W",9437.143590456792,-447.3112,41542.9375,"2025-02-06T05:47:03.475Z",1382.4419
"Medidor 5 - CEDITEC","Potencia activa L2","W",9437.143590456792,-447.3112,41542.9375,"2025-02-06T05:48:03.627Z",1355.9214
"Medidor 5 - CEDITEC","Potencia activa L2","W",9437.143590456792,-447.3112,41542.9375,"2025-02-06T05:49:03.691Z",1356.9664
"Medidor 5 - CEDITEC","Potencia activa L2","W",9437.143590456792,-447.3112,41542.9375,"2025-02-06T05:50:03.775Z",1385.3521
"Medidor 5 - CEDITEC","Potencia activa L2","W",9437.143590456792,-447.3112,41542.9375,"2025-02-06T05:51:03.871Z",1382.8271
"Medidor 5 - CEDITEC","Potencia activa L2","W",9437.143590456792,-447.3112,41542.9375,"2025-02-06T05:52:03.928Z",1401.8939
"Medidor 5 - CEDITEC","Potencia activa L2","W",9437.143590456792,-447.3112,41542.9375,"2025-02-06T05:53:04.021Z",1393.2911
"Medidor 5 - CEDITEC","Potencia activa L2","W",9437.143590456792,-447.3112,41542.9375,"2025-02-06T05:54:04.025Z",1391.8016
"Medidor 5 - CEDITEC","Potencia activa L2","W",9437.143590456792,-447.3112,41542.9375,"2025-02-06T05:55:04.132Z",1388.0867
"Medidor 5 - CEDITEC","Potencia activa L2","W",9437.143590456792,-447.3112,41542.9375,"2025-02-06T05:56:04.276Z",1386.3169
"Medidor 5 - CEDITEC","Potencia activa L2","W",9437.143590456792,-447.3112,41542.9375,"2025-02-06T05:57:04.391Z",1381.7897
"Medidor 5 - CEDITEC","Potencia activa L2","W",9437.143590456792,-447.3112,41542.9375,"2025-02-06T05:58:04.525Z",1391.1219
"Medidor 5 - CEDITEC","Potencia activa L2","W",9437.143590456792,-447.3112,41542.9375,"2025-02-06T05:59:04.580Z",1387.7029
"Medidor 5 - CEDITEC","Potencia activa L2","W",9437.143590456792,-447.3112,41542.9375,"2025-02-06T06:00:04.694Z",1385.8234
"Medidor 5 - CEDITEC","Potencia activa L2","W",9437.143590456792,-447.3112,41542.9375,"2025-02-06T06:01:04.757Z",1390.4851
"Medidor 5 - CEDITEC","Potencia activa L2","W",9437.143590456792,-447.3112,41542.9375,"2025-02-06T06:02:04.785Z",1394.8407
"Medidor 5 - CEDITEC","Potencia activa L2","W",9437.143590456792,-447.3112,41542.9375,"2025-02-06T06:03:04.871Z",1385.0538
"Medidor 5 - CEDITEC","Potencia activa L2","W",9437.143590456792,-447.3112,41542.9375,"2025-02-06T06:04:04.912Z",1396.0466
"Medidor 5 - CEDITEC","Potencia activa L2","W",9437.143590456792,-447.3112,41542.9375,"2025-02-06T06:05:04.990Z",1391.1561
"Medidor 5 - CEDITEC","Potencia activa L2","W",9437.143590456792,-447.3112,41542.9375,"2025-02-06T06:06:05.024Z",1391.3483
"Medidor 5 - CEDITEC","Potencia activa L2","W",9437.143590456792,-447.3112,41542.9375,"2025-02-06T06:07:05.076Z",1396.0132
"Medidor 5 - CEDITEC","Potencia activa L2","W",9437.143590456792,-447.3112,41542.9375,"2025-02-06T06:08:05.172Z",1390.7871
"Medidor 5 - CEDITEC","Potencia activa L2","W",9437.143590456792,-447.3112,41542.9375,"2025-02-06T06:09:05.269Z",1390.9338
"Medidor 5 - CEDITEC","Potencia activa L2","W",9437.143590456792,-447.3112,41542.9375,"2025-02-06T06:10:05.305Z",1391.443
"Medidor 5 - CEDITEC","Potencia activa L2","W",9437.143590456792,-447.3112,41542.9375,"2025-02-06T06:11:05.381Z",1392.0071
"Medidor 5 - CEDITEC","Potencia activa L2","W",9437.143590456792,-447.3112,41542.9375,"2025-02-06T06:12:05.571Z",1393.74
"Medidor 5 - CEDITEC","Potencia activa L2","W",9437.143590456792,-447.3112,41542.9375,"2025-02-06T06:13:05.617Z",1387.9741
"Medidor 5 - CEDITEC","Potencia activa L2","W",9437.143590456792,-447.3112,41542.9375,"2025-02-06T06:14:05.742Z",1390.6367
"Medidor 5 - CEDITEC","Potencia activa L2","W",9437.143590456792,-447.3112,41542.9375,"2025-02-06T06:15:05.835Z",1396.7764
"Medidor 5 - CEDITEC","Potencia activa L2","W",9437.143590456792,-447.3112,41542.9375,"2025-02-06T06:16:05.876Z",1390.9255
"Medidor 5 - CEDITEC","Potencia activa L2","W",9437.143590456792,-447.3112,41542.9375,"2025-02-06T06:17:05.988Z",1391.3711
"Medidor 5 - CEDITEC","Potencia activa L2","W",9437.143590456792,-447.3112,41542.9375,"2025-02-06T06:18:06.032Z",1388.7092
"Medidor 5 - CEDITEC","Potencia activa L2","W",9437.143590456792,-447.3112,41542.9375,"2025-02-06T06:19:06.145Z",1389.5962
"Medidor 5 - CEDITEC","Potencia activa L2","W",9437.143590456792,-447.3112,41542.9375,"2025-02-06T06:20:06.281Z",1389.9022
"Medidor 5 - CEDITEC","Potencia activa L2","W",9437.143590456792,-447.3112,41542.9375,"2025-02-06T06:21:06.325Z",1393.7441
"Medidor 5 - CEDITEC","Potencia activa L2","W",9437.143590456792,-447.3112,41542.9375,"2025-02-06T06:22:06.397Z",1384.3055
"Medidor 5 - CEDITEC","Potencia activa L2","W",9437.143590456792,-447.3112,41542.9375,"2025-02-06T06:23:06.574Z",1380.282
"Medidor 5 - CEDITEC","Potencia activa L2","W",9437.143590456792,-447.3112,41542.9375,"2025-02-06T06:24:06.579Z",1382.7509
"Medidor 5 - CEDITEC","Potencia activa L2","W",9437.143590456792,-447.3112,41542.9375,"2025-02-06T06:25:06.637Z",1393.6567
"Medidor 5 - CEDITEC","Potencia activa L2","W",9437.143590456792,-447.3112,41542.9375,"2025-02-06T06:26:06.807Z",1384.5729
"Medidor 5 - CEDITEC","Potencia activa L2","W",9437.143590456792,-447.3112,41542.9375,"2025-02-06T06:27:06.869Z",1391.1371
"Medidor 5 - CEDITEC","Potencia activa L2","W",9437.143590456792,-447.3112,41542.9375,"2025-02-06T06:28:06.850Z",1392.7749
"Medidor 5 - CEDITEC","Potencia activa L2","W",9437.143590456792,-447.3112,41542.9375,"2025-02-06T06:29:07.045Z",1393.4421
"Medidor 5 - CEDITEC","Potencia activa L2","W",9437.143590456792,-447.3112,41542.9375,"2025-02-06T06:30:07.154Z",1391.7751
"Medidor 5 - CEDITEC","Potencia activa L2","W",9437.143590456792,-447.3112,41542.9375,"2025-02-06T06:31:07.266Z",1394.3303
"Medidor 5 - CEDITEC","Potencia activa L2","W",9437.143590456792,-447.3112,41542.9375,"2025-02-06T06:32:07.296Z",1395.4205
"Medidor 5 - CEDITEC","Potencia activa L2","W",9437.143590456792,-447.3112,41542.9375,"2025-02-06T06:33:07.419Z",1393.2341
"Medidor 5 - CEDITEC","Potencia activa L2","W",9437.143590456792,-447.3112,41542.9375,"2025-02-06T06:34:07.460Z",1393.9442
"Medidor 5 - CEDITEC","Potencia activa L2","W",9437.143590456792,-447.3112,41542.9375,"2025-02-06T06:35:07.564Z",1392.6678
"Medidor 5 - CEDITEC","Potencia activa L2","W",9437.143590456792,-447.3112,41542.9375,"2025-02-06T06:36:07.647Z",1391.6359
"Medidor 5 - CEDITEC","Potencia activa L2","W",9437.143590456792,-447.3112,41542.9375,"2025-02-06T06:37:07.743Z",1388.9192
"Medidor 5 - CEDITEC","Potencia activa L2","W",9437.143590456792,-447.3112,41542.9375,"2025-02-06T06:38:08.058Z",1398.8433
"Medidor 5 - CEDITEC","Potencia activa L2","W",9437.143590456792,-447.3112,41542.9375,"2025-02-06T06:39:07.885Z",1401.4318
"Medidor 5 - CEDITEC","Potencia activa L2","W",9437.143590456792,-447.3112,41542.9375,"2025-02-06T06:40:07.968Z",1406.8452
"Medidor 5 - CEDITEC","Potencia activa L2","W",9437.143590456792,-447.3112,41542.9375,"2025-02-06T06:41:08.022Z",1376.2458
"Medidor 5 - CEDITEC","Potencia activa L2","W",9437.143590456792,-447.3112,41542.9375,"2025-02-06T06:42:08.160Z",1374.9738
"Medidor 5 - CEDITEC","Potencia activa L2","W",9437.143590456792,-447.3112,41542.9375,"2025-02-06T06:43:08.246Z",1401.9927
"Medidor 5 - CEDITEC","Potencia activa L2","W",9437.143590456792,-447.3112,41542.9375,"2025-02-06T06:44:08.351Z",1396.4276
"Medidor 5 - CEDITEC","Potencia activa L2","W",9437.143590456792,-447.3112,41542.9375,"2025-02-06T06:45:08.490Z",1399.3726
"Medidor 5 - CEDITEC","Potencia activa L2","W",9437.143590456792,-447.3112,41542.9375,"2025-02-06T06:46:08.568Z",1403.6329
"Medidor 5 - CEDITEC","Potencia activa L2","W",9437.143590456792,-447.3112,41542.9375,"2025-02-06T06:47:08.663Z",1398.9672
"Medidor 5 - CEDITEC","Potencia activa L2","W",9437.143590456792,-447.3112,41542.9375,"2025-02-06T06:48:08.703Z",1399.9962
"Medidor 5 - CEDITEC","Potencia activa L2","W",9437.143590456792,-447.3112,41542.9375,"2025-02-06T06:49:08.852Z",1401.1833
"Medidor 5 - CEDITEC","Potencia activa L2","W",9437.143590456792,-447.3112,41542.9375,"2025-02-06T06:50:08.894Z",1393.4442
"Medidor 5 - CEDITEC","Potencia activa L2","W",9437.143590456792,-447.3112,41542.9375,"2025-02-06T06:51:08.949Z",1391.5452
"Medidor 5 - CEDITEC","Potencia activa L2","W",9437.143590456792,-447.3112,41542.9375,"2025-02-06T06:52:09.064Z",1394.1675
"Medidor 5 - CEDITEC","Potencia activa L2","W",9437.143590456792,-447.3112,41542.9375,"2025-02-06T06:53:09.229Z",1397.4514
"Medidor 5 - CEDITEC","Potencia activa L2","W",9437.143590456792,-447.3112,41542.9375,"2025-02-06T06:54:09.291Z",1394.1206
"Medidor 5 - CEDITEC","Potencia activa L2","W",9437.143590456792,-447.3112,41542.9375,"2025-02-06T06:55:09.337Z",1392.363
"Medidor 5 - CEDITEC","Potencia activa L2","W",9437.143590456792,-447.3112,41542.9375,"2025-02-06T06:56:09.504Z",1388.4009
"Medidor 5 - CEDITEC","Potencia activa L2","W",9437.143590456792,-447.3112,41542.9375,"2025-02-06T06:57:09.564Z",1395.7631
"Medidor 5 - CEDITEC","Potencia activa L2","W",9437.143590456792,-447.3112,41542.9375,"2025-02-06T06:58:09.635Z",1395.2803
"Medidor 5 - CEDITEC","Potencia activa L2","W",9437.143590456792,-447.3112,41542.9375,"2025-02-06T06:59:09.761Z",1387.2792
"Medidor 5 - CEDITEC","Potencia activa L2","W",9437.143590456792,-447.3112,41542.9375,"2025-02-06T07:00:09.833Z",1394.8435
"Medidor 5 - CEDITEC","Potencia activa L2","W",9437.143590456792,-447.3112,41542.9375,"2025-02-06T07:01:09.909Z",1391.6497
"Medidor 5 - CEDITEC","Potencia activa L2","W",9437.143590456792,-447.3112,41542.9375,"2025-02-06T07:02:09.972Z",1381.5061
"Medidor 5 - CEDITEC","Potencia activa L2","W",9437.143590456792,-447.3112,41542.9375,"2025-02-06T07:03:10.112Z",1386.632
"Medidor 5 - CEDITEC","Potencia activa L2","W",9437.143590456792,-447.3112,41542.9375,"2025-02-06T07:04:10.205Z",1391.1938
"Medidor 5 - CEDITEC","Potencia activa L2","W",9437.143590456792,-447.3112,41542.9375,"2025-02-06T07:05:10.270Z",1392.3059
"Medidor 5 - CEDITEC","Potencia activa L2","W",9437.143590456792,-447.3112,41542.9375,"2025-02-06T07:06:10.335Z",1387.0404
"Medidor 5 - CEDITEC","Potencia activa L2","W",9437.143590456792,-447.3112,41542.9375,"2025-02-06T07:07:10.444Z",1386.8994
"Medidor 5 - CEDITEC","Potencia activa L2","W",9437.143590456792,-447.3112,41542.9375,"2025-02-06T07:08:10.457Z",1391.4574
"Medidor 5 - CEDITEC","Potencia activa L2","W",9437.143590456792,-447.3112,41542.9375,"2025-02-06T07:09:10.558Z",1408.8142
"Medidor 5 - CEDITEC","Potencia activa L2","W",9437.143590456792,-447.3112,41542.9375,"2025-02-06T07:10:10.663Z",1400.8252
"Medidor 5 - CEDITEC","Potencia activa L2","W",9437.143590456792,-447.3112,41542.9375,"2025-02-06T07:11:10.810Z",1403.9821
"Medidor 5 - CEDITEC","Potencia activa L2","W",9437.143590456792,-447.3112,41542.9375,"2025-02-06T07:12:10.881Z",1395.4617
"Medidor 5 - CEDITEC","Potencia activa L2","W",9437.143590456792,-447.3112,41542.9375,"2025-02-06T07:13:10.896Z",1385.9545
"Medidor 5 - CEDITEC","Potencia activa L2","W",9437.143590456792,-447.3112,41542.9375,"2025-02-06T07:14:11.018Z",1385.198
"Medidor 5 - CEDITEC","Potencia activa L2","W",9437.143590456792,-447.3112,41542.9375,"2025-02-06T07:15:11.080Z",1392.494
"Medidor 5 - CEDITEC","Potencia activa L2","W",9437.143590456792,-447.3112,41542.9375,"2025-02-06T07:16:11.131Z",1392.8907
"Medidor 5 - CEDITEC","Potencia activa L2","W",9437.143590456792,-447.3112,41542.9375,"2025-02-06T07:17:11.153Z",1400.6249
"Medidor 5 - CEDITEC","Potencia activa L2","W",9437.143590456792,-447.3112,41542.9375,"2025-02-06T07:18:11.299Z",1397.001
"Medidor 5 - CEDITEC","Potencia activa L2","W",9437.143590456792,-447.3112,41542.9375,"2025-02-06T07:19:11.437Z",1391.4825
"Medidor 5 - CEDITEC","Potencia activa L2","W",9437.143590456792,-447.3112,41542.9375,"2025-02-06T07:20:11.451Z",1393.5901
"Medidor 5 - CEDITEC","Potencia activa L2","W",9437.143590456792,-447.3112,41542.9375,"2025-02-06T07:21:11.542Z",1391.0095
"Medidor 5 - CEDITEC","Potencia activa L2","W",9437.143590456792,-447.3112,41542.9375,"2025-02-06T07:22:11.628Z",1405.316
"Medidor 5 - CEDITEC","Potencia activa L2","W",9437.143590456792,-447.3112,41542.9375,"2025-02-06T07:23:11.658Z",1400.2844
"Medidor 5 - CEDITEC","Potencia activa L2","W",9437.143590456792,-447.3112,41542.9375,"2025-02-06T07:24:11.762Z",1400.084
"Medidor 5 - CEDITEC","Potencia activa L2","W",9437.143590456792,-447.3112,41542.9375,"2025-02-06T07:25:11.884Z",1398.7047
"Medidor 5 - CEDITEC","Potencia activa L2","W",9437.143590456792,-447.3112,41542.9375,"2025-02-06T07:26:11.888Z",1397.5934
"Medidor 5 - CEDITEC","Potencia activa L2","W",9437.143590456792,-447.3112,41542.9375,"2025-02-06T07:27:11.973Z",1403.9991
"Medidor 5 - CEDITEC","Potencia activa L2","W",9437.143590456792,-447.3112,41542.9375,"2025-02-06T07:28:12.123Z",1403.5449
"Medidor 5 - CEDITEC","Potencia activa L2","W",9437.143590456792,-447.3112,41542.9375,"2025-02-06T07:29:12.182Z",1402.3027
"Medidor 5 - CEDITEC","Potencia activa L2","W",9437.143590456792,-447.3112,41542.9375,"2025-02-06T07:30:12.311Z",1393.1189
"Medidor 5 - CEDITEC","Potencia activa L2","W",9437.143590456792,-447.3112,41542.9375,"2025-02-06T07:31:12.387Z",1399.9219
"Medidor 5 - CEDITEC","Potencia activa L2","W",9437.143590456792,-447.3112,41542.9375,"2025-02-06T07:32:12.458Z",1404.9521
"Medidor 5 - CEDITEC","Potencia activa L2","W",9437.143590456792,-447.3112,41542.9375,"2025-02-06T07:33:12.459Z",1398.2717
"Medidor 5 - CEDITEC","Potencia activa L2","W",9437.143590456792,-447.3112,41542.9375,"2025-02-06T07:34:12.565Z",1392.5763
"Medidor 5 - CEDITEC","Potencia activa L2","W",9437.143590456792,-447.3112,41542.9375,"2025-02-06T07:35:12.669Z",1394.2188
"Medidor 5 - CEDITEC","Potencia activa L2","W",9437.143590456792,-447.3112,41542.9375,"2025-02-06T07:36:12.741Z",1399.7488
"Medidor 5 - CEDITEC","Potencia activa L2","W",9437.143590456792,-447.3112,41542.9375,"2025-02-06T07:37:12.822Z",1395.0017
"Medidor 5 - CEDITEC","Potencia activa L2","W",9437.143590456792,-447.3112,41542.9375,"2025-02-06T07:38:12.973Z",1394.2885
"Medidor 5 - CEDITEC","Potencia activa L2","W",9437.143590456792,-447.3112,41542.9375,"2025-02-06T07:39:13.021Z",1398.8997
"Medidor 5 - CEDITEC","Potencia activa L2","W",9437.143590456792,-447.3112,41542.9375,"2025-02-06T07:40:13.124Z",1404.2938
"Medidor 5 - CEDITEC","Potencia activa L2","W",9437.143590456792,-447.3112,41542.9375,"2025-02-06T07:41:13.243Z",1400.241
"Medidor 5 - CEDITEC","Potencia activa L2","W",9437.143590456792,-447.3112,41542.9375,"2025-02-06T07:42:13.182Z",1397.5975
"Medidor 5 - CEDITEC","Potencia activa L2","W",9437.143590456792,-447.3112,41542.9375,"2025-02-06T07:43:13.392Z",1395.9264
"Medidor 5 - CEDITEC","Potencia activa L2","W",9437.143590456792,-447.3112,41542.9375,"2025-02-06T07:44:13.426Z",1397.0361
"Medidor 5 - CEDITEC","Potencia activa L2","W",9437.143590456792,-447.3112,41542.9375,"2025-02-06T07:45:13.562Z",1398.6804
"Medidor 5 - CEDITEC","Potencia activa L2","W",9437.143590456792,-447.3112,41542.9375,"2025-02-06T07:46:13.581Z",1398.6412
"Medidor 5 - CEDITEC","Potencia activa L2","W",9437.143590456792,-447.3112,41542.9375,"2025-02-06T07:47:13.791Z",1403.71
"Medidor 5 - CEDITEC","Potencia activa L2","W",9437.143590456792,-447.3112,41542.9375,"2025-02-06T07:48:13.775Z",1396.2524
"Medidor 5 - CEDITEC","Potencia activa L2","W",9437.143590456792,-447.3112,41542.9375,"2025-02-06T07:49:13.952Z",1399.6038
"Medidor 5 - CEDITEC","Potencia activa L2","W",9437.143590456792,-447.3112,41542.9375,"2025-02-06T07:50:13.968Z",1400.9058
"Medidor 5 - CEDITEC","Potencia activa L2","W",9437.143590456792,-447.3112,41542.9375,"2025-02-06T07:51:14.028Z",1395.8625
"Medidor 5 - CEDITEC","Potencia activa L2","W",9437.143590456792,-447.3112,41542.9375,"2025-02-06T07:52:14.097Z",1396.297
"Medidor 5 - CEDITEC","Potencia activa L2","W",9437.143590456792,-447.3112,41542.9375,"2025-02-06T07:53:14.254Z",1406.6637
"Medidor 5 - CEDITEC","Potencia activa L2","W",9437.143590456792,-447.3112,41542.9375,"2025-02-06T07:54:14.272Z",1400.4939
"Medidor 5 - CEDITEC","Potencia activa L2","W",9437.143590456792,-447.3112,41542.9375,"2025-02-06T07:55:14.381Z",1400.5542
"Medidor 5 - CEDITEC","Potencia activa L2","W",9437.143590456792,-447.3112,41542.9375,"2025-02-06T07:56:14.401Z",1401.0002
"Medidor 5 - CEDITEC","Potencia activa L2","W",9437.143590456792,-447.3112,41542.9375,"2025-02-06T07:57:14.483Z",1402.6128
"Medidor 5 - CEDITEC","Potencia activa L2","W",9437.143590456792,-447.3112,41542.9375,"2025-02-06T07:58:14.624Z",1399.9326
"Medidor 5 - CEDITEC","Potencia activa L2","W",9437.143590456792,-447.3112,41542.9375,"2025-02-06T07:59:14.708Z",1401.983
"Medidor 5 - CEDITEC","Potencia activa L2","W",9437.143590456792,-447.3112,41542.9375,"2025-02-06T08:00:14.797Z",1405.6117
"Medidor 5 - CEDITEC","Potencia activa L2","W",9437.143590456792,-447.3112,41542.9375,"2025-02-06T08:01:14.879Z",1403.5281
"Medidor 5 - CEDITEC","Potencia activa L2","W",9437.143590456792,-447.3112,41542.9375,"2025-02-06T08:02:15.039Z",1412.0457
"Medidor 5 - CEDITEC","Potencia activa L2","W",9437.143590456792,-447.3112,41542.9375,"2025-02-06T08:03:15.026Z",1403.0566
"Medidor 5 - CEDITEC","Potencia activa L2","W",9437.143590456792,-447.3112,41542.9375,"2025-02-06T08:04:15.190Z",1400.2671
"Medidor 5 - CEDITEC","Potencia activa L2","W",9437.143590456792,-447.3112,41542.9375,"2025-02-06T08:05:15.175Z",1401.7903
"Medidor 5 - CEDITEC","Potencia activa L2","W",9437.143590456792,-447.3112,41542.9375,"2025-02-06T08:06:15.324Z",1412.0568
"Medidor 5 - CEDITEC","Potencia activa L2","W",9437.143590456792,-447.3112,41542.9375,"2025-02-06T08:07:15.414Z",1411.9805
"Medidor 5 - CEDITEC","Potencia activa L2","W",9437.143590456792,-447.3112,41542.9375,"2025-02-06T08:08:15.536Z",1414.7278
"Medidor 5 - CEDITEC","Potencia activa L2","W",9437.143590456792,-447.3112,41542.9375,"2025-02-06T08:09:15.594Z",1415.2363
"Medidor 5 - CEDITEC","Potencia activa L2","W",9437.143590456792,-447.3112,41542.9375,"2025-02-06T08:10:15.670Z",1417.5125
"Medidor 5 - CEDITEC","Potencia activa L2","W",9437.143590456792,-447.3112,41542.9375,"2025-02-06T08:11:15.776Z",1416.8085
"Medidor 5 - CEDITEC","Potencia activa L2","W",9437.143590456792,-447.3112,41542.9375,"2025-02-06T08:12:15.852Z",1417.4626
"Medidor 5 - CEDITEC","Potencia activa L2","W",9437.143590456792,-447.3112,41542.9375,"2025-02-06T08:13:15.990Z",1419.0967
"Medidor 5 - CEDITEC","Potencia activa L2","W",9437.143590456792,-447.3112,41542.9375,"2025-02-06T08:14:15.973Z",1416.427
"Medidor 5 - CEDITEC","Potencia activa L2","W",9437.143590456792,-447.3112,41542.9375,"2025-02-06T08:15:16.162Z",1417.4961
"Medidor 5 - CEDITEC","Potencia activa L2","W",9437.143590456792,-447.3112,41542.9375,"2025-02-06T08:16:16.131Z",1418.8342
"Medidor 5 - CEDITEC","Potencia activa L2","W",9437.143590456792,-447.3112,41542.9375,"2025-02-06T08:17:16.322Z",1417.6704
"Medidor 5 - CEDITEC","Potencia activa L2","W",9437.143590456792,-447.3112,41542.9375,"2025-02-06T08:18:16.313Z",1411.0115
"Medidor 5 - CEDITEC","Potencia activa L2","W",9437.143590456792,-447.3112,41542.9375,"2025-02-06T08:19:16.399Z",1409.2183
"Medidor 5 - CEDITEC","Potencia activa L2","W",9437.143590456792,-447.3112,41542.9375,"2025-02-06T08:20:16.486Z",1403.157
"Medidor 5 - CEDITEC","Potencia activa L2","W",9437.143590456792,-447.3112,41542.9375,"2025-02-06T08:21:16.520Z",1407.1638
"Medidor 5 - CEDITEC","Potencia activa L2","W",9437.143590456792,-447.3112,41542.9375,"2025-02-06T08:22:16.726Z",1408.0813
"Medidor 5 - CEDITEC","Potencia activa L2","W",9437.143590456792,-447.3112,41542.9375,"2025-02-06T08:23:16.835Z",1404.8257
"Medidor 5 - CEDITEC","Potencia activa L2","W",9437.143590456792,-447.3112,41542.9375,"2025-02-06T08:24:16.928Z",1408.5753
"Medidor 5 - CEDITEC","Potencia activa L2","W",9437.143590456792,-447.3112,41542.9375,"2025-02-06T08:25:16.951Z",1413.7141
"Medidor 5 - CEDITEC","Potencia activa L2","W",9437.143590456792,-447.3112,41542.9375,"2025-02-06T08:26:17.061Z",1406.0134
"Medidor 5 - CEDITEC","Potencia activa L2","W",9437.143590456792,-447.3112,41542.9375,"2025-02-06T08:27:17.201Z",1412.1484
"Medidor 5 - CEDITEC","Potencia activa L2","W",9437.143590456792,-447.3112,41542.9375,"2025-02-06T08:28:17.315Z",1410.2542
"Medidor 5 - CEDITEC","Potencia activa L2","W",9437.143590456792,-447.3112,41542.9375,"2025-02-06T08:29:17.401Z",1414.0919
"Medidor 5 - CEDITEC","Potencia activa L2","W",9437.143590456792,-447.3112,41542.9375,"2025-02-06T08:30:17.475Z",1408.1593
"Medidor 5 - CEDITEC","Potencia activa L2","W",9437.143590456792,-447.3112,41542.9375,"2025-02-06T08:31:17.498Z",1409.9597
"Medidor 5 - CEDITEC","Potencia activa L2","W",9437.143590456792,-447.3112,41542.9375,"2025-02-06T08:32:17.629Z",1407.1075
"Medidor 5 - CEDITEC","Potencia activa L2","W",9437.143590456792,-447.3112,41542.9375,"2025-02-06T08:33:17.620Z",1406.2584
"Medidor 5 - CEDITEC","Potencia activa L2","W",9437.143590456792,-447.3112,41542.9375,"2025-02-06T08:34:17.727Z",1409.425
"Medidor 5 - CEDITEC","Potencia activa L2","W",9437.143590456792,-447.3112,41542.9375,"2025-02-06T08:35:17.843Z",1407.5164
"Medidor 5 - CEDITEC","Potencia activa L2","W",9437.143590456792,-447.3112,41542.9375,"2025-02-06T08:36:17.974Z",1403.5276
"Medidor 5 - CEDITEC","Potencia activa L2","W",9437.143590456792,-447.3112,41542.9375,"2025-02-06T08:37:17.985Z",1415.7383
"Medidor 5 - CEDITEC","Potencia activa L2","W",9437.143590456792,-447.3112,41542.9375,"2025-02-06T08:38:18.148Z",1417.5953
"Medidor 5 - CEDITEC","Potencia activa L2","W",9437.143590456792,-447.3112,41542.9375,"2025-02-06T08:39:18.204Z",1413.8157
"Medidor 5 - CEDITEC","Potencia activa L2","W",9437.143590456792,-447.3112,41542.9375,"2025-02-06T08:40:18.280Z",1414.5449
"Medidor 5 - CEDITEC","Potencia activa L2","W",9437.143590456792,-447.3112,41542.9375,"2025-02-06T08:41:18.399Z",1417.8448
"Medidor 5 - CEDITEC","Potencia activa L2","W",9437.143590456792,-447.3112,41542.9375,"2025-02-06T08:42:18.491Z",1407.6885
"Medidor 5 - CEDITEC","Potencia activa L2","W",9437.143590456792,-447.3112,41542.9375,"2025-02-06T08:43:18.536Z",1410.1089
"Medidor 5 - CEDITEC","Potencia activa L2","W",9437.143590456792,-447.3112,41542.9375,"2025-02-06T08:44:18.604Z",1410.2179
"Medidor 5 - CEDITEC","Potencia activa L2","W",9437.143590456792,-447.3112,41542.9375,"2025-02-06T08:45:18.656Z",1410.3975
"Medidor 5 - CEDITEC","Potencia activa L2","W",9437.143590456792,-447.3112,41542.9375,"2025-02-06T08:46:18.702Z",1412.3293
"Medidor 5 - CEDITEC","Potencia activa L2","W",9437.143590456792,-447.3112,41542.9375,"2025-02-06T08:47:18.843Z",1413.5289
"Medidor 5 - CEDITEC","Potencia activa L2","W",9437.143590456792,-447.3112,41542.9375,"2025-02-06T08:48:18.920Z",1416.2695
"Medidor 5 - CEDITEC","Potencia activa L2","W",9437.143590456792,-447.3112,41542.9375,"2025-02-06T08:49:18.922Z",1417.0295
"Medidor 5 - CEDITEC","Potencia activa L2","W",9437.143590456792,-447.3112,41542.9375,"2025-02-06T08:50:18.971Z",1417.769
"Medidor 5 - CEDITEC","Potencia activa L2","W",9437.143590456792,-447.3112,41542.9375,"2025-02-06T08:51:19.046Z",1418.9912
"Medidor 5 - CEDITEC","Potencia activa L2","W",9437.143590456792,-447.3112,41542.9375,"2025-02-06T08:52:19.091Z",1415.8989
"Medidor 5 - CEDITEC","Potencia activa L2","W",9437.143590456792,-447.3112,41542.9375,"2025-02-06T08:53:19.283Z",1419.6193
"Medidor 5 - CEDITEC","Potencia activa L2","W",9437.143590456792,-447.3112,41542.9375,"2025-02-06T08:54:19.304Z",1421.2515
"Medidor 5 - CEDITEC","Potencia activa L2","W",9437.143590456792,-447.3112,41542.9375,"2025-02-06T08:55:19.349Z",1421.7361
"Medidor 5 - CEDITEC","Potencia activa L2","W",9437.143590456792,-447.3112,41542.9375,"2025-02-06T08:56:19.406Z",1420.4219
"Medidor 5 - CEDITEC","Potencia activa L2","W",9437.143590456792,-447.3112,41542.9375,"2025-02-06T08:57:19.497Z",1413.688
"Medidor 5 - CEDITEC","Potencia activa L2","W",9437.143590456792,-447.3112,41542.9375,"2025-02-06T08:58:19.578Z",1415.5248
"Medidor 5 - CEDITEC","Potencia activa L2","W",9437.143590456792,-447.3112,41542.9375,"2025-02-06T08:59:19.650Z",1411.345
"Medidor 5 - CEDITEC","Potencia activa L2","W",9437.143590456792,-447.3112,41542.9375,"2025-02-06T09:00:19.737Z",1416.8005
"Medidor 5 - CEDITEC","Potencia activa L2","W",9437.143590456792,-447.3112,41542.9375,"2025-02-06T09:01:19.770Z",1408.8672
"Medidor 5 - CEDITEC","Potencia activa L2","W",9437.143590456792,-447.3112,41542.9375,"2025-02-06T09:02:19.921Z",1415.1611
"Medidor 5 - CEDITEC","Potencia activa L2","W",9437.143590456792,-447.3112,41542.9375,"2025-02-06T09:03:19.918Z",1414.095
"Medidor 5 - CEDITEC","Potencia activa L2","W",9437.143590456792,-447.3112,41542.9375,"2025-02-06T09:04:20.077Z",1423.058
"Medidor 5 - CEDITEC","Potencia activa L2","W",9437.143590456792,-447.3112,41542.9375,"2025-02-06T09:05:20.093Z",1412.722
"Medidor 5 - CEDITEC","Potencia activa L2","W",9437.143590456792,-447.3112,41542.9375,"2025-02-06T09:06:20.235Z",1410.2178
"Medidor 5 - CEDITEC","Potencia activa L2","W",9437.143590456792,-447.3112,41542.9375,"2025-02-06T09:07:20.329Z",1409.6141
"Medidor 5 - CEDITEC","Potencia activa L2","W",9437.143590456792,-447.3112,41542.9375,"2025-02-06T09:08:20.451Z",1412.5154
"Medidor 5 - CEDITEC","Potencia activa L2","W",9437.143590456792,-447.3112,41542.9375,"2025-02-06T09:09:20.444Z",1411.7778
"Medidor 5 - CEDITEC","Potencia activa L2","W",9437.143590456792,-447.3112,41542.9375,"2025-02-06T09:10:20.648Z",1413.8752
"Medidor 5 - CEDITEC","Potencia activa L2","W",9437.143590456792,-447.3112,41542.9375,"2025-02-06T09:11:20.585Z",1410.5662
"Medidor 5 - CEDITEC","Potencia activa L2","W",9437.143590456792,-447.3112,41542.9375,"2025-02-06T09:12:20.750Z",1419.0969
"Medidor 5 - CEDITEC","Potencia activa L2","W",9437.143590456792,-447.3112,41542.9375,"2025-02-06T09:13:20.857Z",1412.7318
"Medidor 5 - CEDITEC","Potencia activa L2","W",9437.143590456792,-447.3112,41542.9375,"2025-02-06T09:14:20.942Z",1414.734
"Medidor 5 - CEDITEC","Potencia activa L2","W",9437.143590456792,-447.3112,41542.9375,"2025-02-06T09:15:21.063Z",1415.1771
"Medidor 5 - CEDITEC","Potencia activa L2","W",9437.143590456792,-447.3112,41542.9375,"2025-02-06T09:16:21.095Z",1417.7837
"Medidor 5 - CEDITEC","Potencia activa L2","W",9437.143590456792,-447.3112,41542.9375,"2025-02-06T09:17:21.217Z",1417.381
"Medidor 5 - CEDITEC","Potencia activa L2","W",9437.143590456792,-447.3112,41542.9375,"2025-02-06T09:18:21.327Z",1417.1791
"Medidor 5 - CEDITEC","Potencia activa L2","W",9437.143590456792,-447.3112,41542.9375,"2025-02-06T09:19:21.404Z",1416.0883
"Medidor 5 - CEDITEC","Potencia activa L2","W",9437.143590456792,-447.3112,41542.9375,"2025-02-06T09:20:21.479Z",1424.7815
"Medidor 5 - CEDITEC","Potencia activa L2","W",9437.143590456792,-447.3112,41542.9375,"2025-02-06T09:21:21.513Z",1419.9451
"Medidor 5 - CEDITEC","Potencia activa L2","W",9437.143590456792,-447.3112,41542.9375,"2025-02-06T09:22:21.591Z",1420.9332
"Medidor 5 - CEDITEC","Potencia activa L2","W",9437.143590456792,-447.3112,41542.9375,"2025-02-06T09:23:21.678Z",1418.9268
"Medidor 5 - CEDITEC","Potencia activa L2","W",9437.143590456792,-447.3112,41542.9375,"2025-02-06T09:24:21.788Z",1419.8219
"Medidor 5 - CEDITEC","Potencia activa L2","W",9437.143590456792,-447.3112,41542.9375,"2025-02-06T09:25:21.862Z",1376.9512
"Medidor 5 - CEDITEC","Potencia activa L2","W",9437.143590456792,-447.3112,41542.9375,"2025-02-06T09:26:21.978Z",1373.9916
"Medidor 5 - CEDITEC","Potencia activa L2","W",9437.143590456792,-447.3112,41542.9375,"2025-02-06T09:27:22.053Z",1392.5801
"Medidor 5 - CEDITEC","Potencia activa L2","W",9437.143590456792,-447.3112,41542.9375,"2025-02-06T09:28:22.126Z",1394.5295
"Medidor 5 - CEDITEC","Potencia activa L2","W",9437.143590456792,-447.3112,41542.9375,"2025-02-06T09:29:22.252Z",1395.6044
"Medidor 5 - CEDITEC","Potencia activa L2","W",9437.143590456792,-447.3112,41542.9375,"2025-02-06T09:30:22.302Z",1394.896
"Medidor 5 - CEDITEC","Potencia activa L2","W",9437.143590456792,-447.3112,41542.9375,"2025-02-06T09:31:22.374Z",1400.8612
"Medidor 5 - CEDITEC","Potencia activa L2","W",9437.143590456792,-447.3112,41542.9375,"2025-02-06T09:32:22.476Z",1404.3252
"Medidor 5 - CEDITEC","Potencia activa L2","W",9437.143590456792,-447.3112,41542.9375,"2025-02-06T09:33:22.581Z",1406.7523
"Medidor 5 - CEDITEC","Potencia activa L2","W",9437.143590456792,-447.3112,41542.9375,"2025-02-06T09:34:22.647Z",1407.8717
"Medidor 5 - CEDITEC","Potencia activa L2","W",9437.143590456792,-447.3112,41542.9375,"2025-02-06T09:35:22.722Z",1415.4495
"Medidor 5 - CEDITEC","Potencia activa L2","W",9437.143590456792,-447.3112,41542.9375,"2025-02-06T09:36:22.888Z",1407.191
"Medidor 5 - CEDITEC","Potencia activa L2","W",9437.143590456792,-447.3112,41542.9375,"2025-02-06T09:37:23.021Z",1407.2328
"Medidor 5 - CEDITEC","Potencia activa L2","W",9437.143590456792,-447.3112,41542.9375,"2025-02-06T09:38:23.082Z",1405.9625
"Medidor 5 - CEDITEC","Potencia activa L2","W",9437.143590456792,-447.3112,41542.9375,"2025-02-06T09:39:23.125Z",1404.9078
"Medidor 5 - CEDITEC","Potencia activa L2","W",9437.143590456792,-447.3112,41542.9375,"2025-02-06T09:40:23.282Z",1409.1478
"Medidor 5 - CEDITEC","Potencia activa L2","W",9437.143590456792,-447.3112,41542.9375,"2025-02-06T09:41:23.245Z",1407.6133
"Medidor 5 - CEDITEC","Potencia activa L2","W",9437.143590456792,-447.3112,41542.9375,"2025-02-06T09:42:23.436Z",1406.6057
"Medidor 5 - CEDITEC","Potencia activa L2","W",9437.143590456792,-447.3112,41542.9375,"2025-02-06T09:43:23.510Z",1395.582
"Medidor 5 - CEDITEC","Potencia activa L2","W",9437.143590456792,-447.3112,41542.9375,"2025-02-06T09:44:23.656Z",1398.0616
"Medidor 5 - CEDITEC","Potencia activa L2","W",9437.143590456792,-447.3112,41542.9375,"2025-02-06T09:45:23.599Z",1396.5918
"Medidor 5 - CEDITEC","Potencia activa L2","W",9437.143590456792,-447.3112,41542.9375,"2025-02-06T09:46:23.764Z",1399.0066
"Medidor 5 - CEDITEC","Potencia activa L2","W",9437.143590456792,-447.3112,41542.9375,"2025-02-06T09:47:23.922Z",1394.538
"Medidor 5 - CEDITEC","Potencia activa L2","W",9437.143590456792,-447.3112,41542.9375,"2025-02-06T09:48:23.999Z",1389.0175
"Medidor 5 - CEDITEC","Potencia activa L2","W",9437.143590456792,-447.3112,41542.9375,"2025-02-06T09:49:24.116Z",1396.2449
"Medidor 5 - CEDITEC","Potencia activa L2","W",9437.143590456792,-447.3112,41542.9375,"2025-02-06T09:50:24.159Z",1400.4001
"Medidor 5 - CEDITEC","Potencia activa L2","W",9437.143590456792,-447.3112,41542.9375,"2025-02-06T09:51:24.300Z",1399.5176
"Medidor 5 - CEDITEC","Potencia activa L2","W",9437.143590456792,-447.3112,41542.9375,"2025-02-06T09:52:24.447Z",1397.6091
"Medidor 5 - CEDITEC","Potencia activa L2","W",9437.143590456792,-447.3112,41542.9375,"2025-02-06T09:53:24.498Z",1391.6902
"Medidor 5 - CEDITEC","Potencia activa L2","W",9437.143590456792,-447.3112,41542.9375,"2025-02-06T09:54:24.610Z",1392.8112
"Medidor 5 - CEDITEC","Potencia activa L2","W",9437.143590456792,-447.3112,41542.9375,"2025-02-06T09:55:24.659Z",1395.7837
"Medidor 5 - CEDITEC","Potencia activa L2","W",9437.143590456792,-447.3112,41542.9375,"2025-02-06T09:56:24.726Z",1392.2292
"Medidor 5 - CEDITEC","Potencia activa L2","W",9437.143590456792,-447.3112,41542.9375,"2025-02-06T09:57:24.870Z",1393.4207
"Medidor 5 - CEDITEC","Potencia activa L2","W",9437.143590456792,-447.3112,41542.9375,"2025-02-06T09:58:25.004Z",1390.6599
"Medidor 5 - CEDITEC","Potencia activa L2","W",9437.143590456792,-447.3112,41542.9375,"2025-02-06T09:59:25.069Z",1392.0099
"Medidor 5 - CEDITEC","Potencia activa L2","W",9437.143590456792,-447.3112,41542.9375,"2025-02-06T10:00:25.207Z",1398.3173
"Medidor 5 - CEDITEC","Potencia activa L2","W",9437.143590456792,-447.3112,41542.9375,"2025-02-06T10:01:25.233Z",1396.7644
"Medidor 5 - CEDITEC","Potencia activa L2","W",9437.143590456792,-447.3112,41542.9375,"2025-02-06T10:02:25.336Z",1396.4161
"Medidor 5 - CEDITEC","Potencia activa L2","W",9437.143590456792,-447.3112,41542.9375,"2025-02-06T10:03:25.492Z",1390.2135
"Medidor 5 - CEDITEC","Potencia activa L2","W",9437.143590456792,-447.3112,41542.9375,"2025-02-06T10:04:25.556Z",1390.4706
"Medidor 5 - CEDITEC","Potencia activa L2","W",9437.143590456792,-447.3112,41542.9375,"2025-02-06T10:05:25.609Z",1388.2498
"Medidor 5 - CEDITEC","Potencia activa L2","W",9437.143590456792,-447.3112,41542.9375,"2025-02-06T10:06:25.722Z",1384.8823
"Medidor 5 - CEDITEC","Potencia activa L2","W",9437.143590456792,-447.3112,41542.9375,"2025-02-06T10:07:25.812Z",1390.9746
"Medidor 5 - CEDITEC","Potencia activa L2","W",9437.143590456792,-447.3112,41542.9375,"2025-02-06T10:08:25.959Z",1389.5074
"Medidor 5 - CEDITEC","Potencia activa L2","W",9437.143590456792,-447.3112,41542.9375,"2025-02-06T10:09:26.004Z",1388.7961
"Medidor 5 - CEDITEC","Potencia activa L2","W",9437.143590456792,-447.3112,41542.9375,"2025-02-06T10:10:26.057Z",1390.7623
"Medidor 5 - CEDITEC","Potencia activa L2","W",9437.143590456792,-447.3112,41542.9375,"2025-02-06T10:11:26.145Z",1395.9487
"Medidor 5 - CEDITEC","Potencia activa L2","W",9437.143590456792,-447.3112,41542.9375,"2025-02-06T10:12:26.293Z",1400.0186
"Medidor 5 - CEDITEC","Potencia activa L2","W",9437.143590456792,-447.3112,41542.9375,"2025-02-06T10:13:26.429Z",1404.4115
"Medidor 5 - CEDITEC","Potencia activa L2","W",9437.143590456792,-447.3112,41542.9375,"2025-02-06T10:14:26.514Z",1387.0717
"Medidor 5 - CEDITEC","Potencia activa L2","W",9437.143590456792,-447.3112,41542.9375,"2025-02-06T10:15:26.607Z",1388.4673
"Medidor 5 - CEDITEC","Potencia activa L2","W",9437.143590456792,-447.3112,41542.9375,"2025-02-06T10:16:26.635Z",1388.2729
"Medidor 5 - CEDITEC","Potencia activa L2","W",9437.143590456792,-447.3112,41542.9375,"2025-02-06T10:17:26.712Z",1388.756
"Medidor 5 - CEDITEC","Potencia activa L2","W",9437.143590456792,-447.3112,41542.9375,"2025-02-06T10:18:26.839Z",1393.5869
"Medidor 5 - CEDITEC","Potencia activa L2","W",9437.143590456792,-447.3112,41542.9375,"2025-02-06T10:19:26.901Z",1395.4718
"Medidor 5 - CEDITEC","Potencia activa L2","W",9437.143590456792,-447.3112,41542.9375,"2025-02-06T10:20:26.987Z",1394.9387
"Medidor 5 - CEDITEC","Potencia activa L2","W",9437.143590456792,-447.3112,41542.9375,"2025-02-06T10:21:27.056Z",1396.8768
"Medidor 5 - CEDITEC","Potencia activa L2","W",9437.143590456792,-447.3112,41542.9375,"2025-02-06T10:22:27.198Z",1390.6597
"Medidor 5 - CEDITEC","Potencia activa L2","W",9437.143590456792,-447.3112,41542.9375,"2025-02-06T10:23:27.289Z",1393.7756
"Medidor 5 - CEDITEC","Potencia activa L2","W",9437.143590456792,-447.3112,41542.9375,"2025-02-06T10:24:27.288Z",1394.3846
"Medidor 5 - CEDITEC","Potencia activa L2","W",9437.143590456792,-447.3112,41542.9375,"2025-02-06T10:25:27.414Z",1395.7307
"Medidor 5 - CEDITEC","Potencia activa L2","W",9437.143590456792,-447.3112,41542.9375,"2025-02-06T10:26:27.552Z",1387.8517
"Medidor 5 - CEDITEC","Potencia activa L2","W",9437.143590456792,-447.3112,41542.9375,"2025-02-06T10:27:27.606Z",1395.5984
"Medidor 5 - CEDITEC","Potencia activa L2","W",9437.143590456792,-447.3112,41542.9375,"2025-02-06T10:28:27.697Z",1395.1918
"Medidor 5 - CEDITEC","Potencia activa L2","W",9437.143590456792,-447.3112,41542.9375,"2025-02-06T10:29:27.741Z",1390.9768
"Medidor 5 - CEDITEC","Potencia activa L2","W",9437.143590456792,-447.3112,41542.9375,"2025-02-06T10:30:27.902Z",1389.4846
"Medidor 5 - CEDITEC","Potencia activa L2","W",9437.143590456792,-447.3112,41542.9375,"2025-02-06T10:31:27.946Z",1386.9725
"Medidor 5 - CEDITEC","Potencia activa L2","W",9437.143590456792,-447.3112,41542.9375,"2025-02-06T10:32:28.068Z",1387.8871
"Medidor 5 - CEDITEC","Potencia activa L2","W",9437.143590456792,-447.3112,41542.9375,"2025-02-06T10:33:28.172Z",1387.916
"Medidor 5 - CEDITEC","Potencia activa L2","W",9437.143590456792,-447.3112,41542.9375,"2025-02-06T10:34:28.238Z",1392.8547
"Medidor 5 - CEDITEC","Potencia activa L2","W",9437.143590456792,-447.3112,41542.9375,"2025-02-06T10:35:28.336Z",1392.5548
"Medidor 5 - CEDITEC","Potencia activa L2","W",9437.143590456792,-447.3112,41542.9375,"2025-02-06T10:36:28.365Z",1397.6381
"Medidor 5 - CEDITEC","Potencia activa L2","W",9437.143590456792,-447.3112,41542.9375,"2025-02-06T10:37:28.562Z",1385.7437
"Medidor 5 - CEDITEC","Potencia activa L2","W",9437.143590456792,-447.3112,41542.9375,"2025-02-06T10:38:28.581Z",1379.3489
"Medidor 5 - CEDITEC","Potencia activa L2","W",9437.143590456792,-447.3112,41542.9375,"2025-02-06T10:39:28.625Z",1382.6458
"Medidor 5 - CEDITEC","Potencia activa L2","W",9437.143590456792,-447.3112,41542.9375,"2025-02-06T10:40:28.761Z",1387.2106
"Medidor 5 - CEDITEC","Potencia activa L2","W",9437.143590456792,-447.3112,41542.9375,"2025-02-06T10:41:28.829Z",1382.6191
"Medidor 5 - CEDITEC","Potencia activa L2","W",9437.143590456792,-447.3112,41542.9375,"2025-02-06T10:42:29.004Z",1378.6016
"Medidor 5 - CEDITEC","Potencia activa L2","W",9437.143590456792,-447.3112,41542.9375,"2025-02-06T10:43:29.095Z",1382.1667
"Medidor 5 - CEDITEC","Potencia activa L2","W",9437.143590456792,-447.3112,41542.9375,"2025-02-06T10:44:29.147Z",1389.2307
"Medidor 5 - CEDITEC","Potencia activa L2","W",9437.143590456792,-447.3112,41542.9375,"2025-02-06T10:45:29.259Z",1380.0123
"Medidor 5 - CEDITEC","Potencia activa L2","W",9437.143590456792,-447.3112,41542.9375,"2025-02-06T10:46:29.324Z",1403.072
"Medidor 5 - CEDITEC","Potencia activa L2","W",9437.143590456792,-447.3112,41542.9375,"2025-02-06T10:47:29.480Z",1402.0623
"Medidor 5 - CEDITEC","Potencia activa L2","W",9437.143590456792,-447.3112,41542.9375,"2025-02-06T10:48:29.486Z",1400.8392
"Medidor 5 - CEDITEC","Potencia activa L2","W",9437.143590456792,-447.3112,41542.9375,"2025-02-06T10:49:29.602Z",1403.4069
"Medidor 5 - CEDITEC","Potencia activa L2","W",9437.143590456792,-447.3112,41542.9375,"2025-02-06T10:50:29.775Z",1397.1731
"Medidor 5 - CEDITEC","Potencia activa L2","W",9437.143590456792,-447.3112,41542.9375,"2025-02-06T10:51:29.854Z",1394.5616
"Medidor 5 - CEDITEC","Potencia activa L2","W",9437.143590456792,-447.3112,41542.9375,"2025-02-06T10:52:29.982Z",1396.7382
"Medidor 5 - CEDITEC","Potencia activa L2","W",9437.143590456792,-447.3112,41542.9375,"2025-02-06T10:53:30.078Z",1394.7627
"Medidor 5 - CEDITEC","Potencia activa L2","W",9437.143590456792,-447.3112,41542.9375,"2025-02-06T10:54:30.189Z",1401.4855
"Medidor 5 - CEDITEC","Potencia activa L2","W",9437.143590456792,-447.3112,41542.9375,"2025-02-06T10:55:30.244Z",1396.2393
"Medidor 5 - CEDITEC","Potencia activa L2","W",9437.143590456792,-447.3112,41542.9375,"2025-02-06T10:56:30.405Z",1395.3691
"Medidor 5 - CEDITEC","Potencia activa L2","W",9437.143590456792,-447.3112,41542.9375,"2025-02-06T10:57:30.421Z",1394.9647
"Medidor 5 - CEDITEC","Potencia activa L2","W",9437.143590456792,-447.3112,41542.9375,"2025-02-06T10:58:30.531Z",1397.7345
"Medidor 5 - CEDITEC","Potencia activa L2","W",9437.143590456792,-447.3112,41542.9375,"2025-02-06T10:59:30.669Z",1400.0487
"Medidor 5 - CEDITEC","Potencia activa L2","W",9437.143590456792,-447.3112,41542.9375,"2025-02-06T11:00:30.753Z",1396.2982
"Medidor 5 - CEDITEC","Potencia activa L2","W",9437.143590456792,-447.3112,41542.9375,"2025-02-06T11:01:30.863Z",1396.4862
"Medidor 5 - CEDITEC","Potencia activa L2","W",9437.143590456792,-447.3112,41542.9375,"2025-02-06T11:02:30.968Z",1392.8588
"Medidor 5 - CEDITEC","Potencia activa L2","W",9437.143590456792,-447.3112,41542.9375,"2025-02-06T11:03:31.019Z",1393.9265
"Medidor 5 - CEDITEC","Potencia activa L2","W",9437.143590456792,-447.3112,41542.9375,"2025-02-06T11:04:31.129Z",1390.3138
"Medidor 5 - CEDITEC","Potencia activa L2","W",9437.143590456792,-447.3112,41542.9375,"2025-02-06T11:05:31.251Z",1387.7239
"Medidor 5 - CEDITEC","Potencia activa L2","W",9437.143590456792,-447.3112,41542.9375,"2025-02-06T11:06:31.334Z",1396.3008
"Medidor 5 - CEDITEC","Potencia activa L2","W",9437.143590456792,-447.3112,41542.9375,"2025-02-06T11:07:31.345Z",1403.5278
"Medidor 5 - CEDITEC","Potencia activa L2","W",9437.143590456792,-447.3112,41542.9375,"2025-02-06T11:08:31.450Z",1395.7496
"Medidor 5 - CEDITEC","Potencia activa L2","W",9437.143590456792,-447.3112,41542.9375,"2025-02-06T11:09:31.510Z",1388.8787
"Medidor 5 - CEDITEC","Potencia activa L2","W",9437.143590456792,-447.3112,41542.9375,"2025-02-06T11:10:31.588Z",1379.7939
"Medidor 5 - CEDITEC","Potencia activa L2","W",9437.143590456792,-447.3112,41542.9375,"2025-02-06T11:11:31.669Z",1392.9004
"Medidor 5 - CEDITEC","Potencia activa L2","W",9437.143590456792,-447.3112,41542.9375,"2025-02-06T11:12:31.729Z",1404.9688
"Medidor 5 - CEDITEC","Potencia activa L2","W",9437.143590456792,-447.3112,41542.9375,"2025-02-06T11:13:31.802Z",1408.673
"Medidor 5 - CEDITEC","Potencia activa L2","W",9437.143590456792,-447.3112,41542.9375,"2025-02-06T11:14:31.838Z",1405.2993
"Medidor 5 - CEDITEC","Potencia activa L2","W",9437.143590456792,-447.3112,41542.9375,"2025-02-06T11:15:31.948Z",1405.7643
"Medidor 5 - CEDITEC","Potencia activa L2","W",9437.143590456792,-447.3112,41542.9375,"2025-02-06T11:16:32.107Z",1406.8871
"Medidor 5 - CEDITEC","Potencia activa L2","W",9437.143590456792,-447.3112,41542.9375,"2025-02-06T11:17:32.160Z",1408.8129
"Medidor 5 - CEDITEC","Potencia activa L2","W",9437.143590456792,-447.3112,41542.9375,"2025-02-06T11:18:32.175Z",1406.2035
"Medidor 5 - CEDITEC","Potencia activa L2","W",9437.143590456792,-447.3112,41542.9375,"2025-02-06T11:19:32.209Z",1404.6157
"Medidor 5 - CEDITEC","Potencia activa L2","W",9437.143590456792,-447.3112,41542.9375,"2025-02-06T11:20:32.291Z",1401.9673
"Medidor 5 - CEDITEC","Potencia activa L2","W",9437.143590456792,-447.3112,41542.9375,"2025-02-06T11:21:32.396Z",1401.884
"Medidor 5 - CEDITEC","Potencia activa L2","W",9437.143590456792,-447.3112,41542.9375,"2025-02-06T11:22:32.405Z",1409.0312
"Medidor 5 - CEDITEC","Potencia activa L2","W",9437.143590456792,-447.3112,41542.9375,"2025-02-06T11:23:32.504Z",1401.9275
"Medidor 5 - CEDITEC","Potencia activa L2","W",9437.143590456792,-447.3112,41542.9375,"2025-02-06T11:24:32.576Z",1398.4927
"Medidor 5 - CEDITEC","Potencia activa L2","W",9437.143590456792,-447.3112,41542.9375,"2025-02-06T11:25:32.692Z",1396.9908
"Medidor 5 - CEDITEC","Potencia activa L2","W",9437.143590456792,-447.3112,41542.9375,"2025-02-06T11:26:32.816Z",1397.373
"Medidor 5 - CEDITEC","Potencia activa L2","W",9437.143590456792,-447.3112,41542.9375,"2025-02-06T11:27:32.864Z",1397.8595
"Medidor 5 - CEDITEC","Potencia activa L2","W",9437.143590456792,-447.3112,41542.9375,"2025-02-06T11:28:32.861Z",1396.6365
"Medidor 5 - CEDITEC","Potencia activa L2","W",9437.143590456792,-447.3112,41542.9375,"2025-02-06T11:29:32.973Z",1394.0469
"Medidor 5 - CEDITEC","Potencia activa L2","W",9437.143590456792,-447.3112,41542.9375,"2025-02-06T11:30:33.058Z",1400.2692
"Medidor 5 - CEDITEC","Potencia activa L2","W",9437.143590456792,-447.3112,41542.9375,"2025-02-06T11:31:33.181Z",1397.3445
"Medidor 5 - CEDITEC","Potencia activa L2","W",9437.143590456792,-447.3112,41542.9375,"2025-02-06T11:32:33.261Z",1393.0649
"Medidor 5 - CEDITEC","Potencia activa L2","W",9437.143590456792,-447.3112,41542.9375,"2025-02-06T11:33:33.378Z",1396.1108
"Medidor 5 - CEDITEC","Potencia activa L2","W",9437.143590456792,-447.3112,41542.9375,"2025-02-06T11:34:33.361Z",1392.6244
"Medidor 5 - CEDITEC","Potencia activa L2","W",9437.143590456792,-447.3112,41542.9375,"2025-02-06T11:35:33.486Z",1396
"Medidor 5 - CEDITEC","Potencia activa L2","W",9437.143590456792,-447.3112,41542.9375,"2025-02-06T11:36:33.557Z",1394.6982
"Medidor 5 - CEDITEC","Potencia activa L2","W",9437.143590456792,-447.3112,41542.9375,"2025-02-06T11:37:33.694Z",1397.4158
"Medidor 5 - CEDITEC","Potencia activa L2","W",9437.143590456792,-447.3112,41542.9375,"2025-02-06T11:38:33.781Z",1385.141
"Medidor 5 - CEDITEC","Potencia activa L2","W",9437.143590456792,-447.3112,41542.9375,"2025-02-06T11:39:33.854Z",1384.3065
"Medidor 5 - CEDITEC","Potencia activa L2","W",9437.143590456792,-447.3112,41542.9375,"2025-02-06T11:40:33.957Z",1378.7185
"Medidor 5 - CEDITEC","Potencia activa L2","W",9437.143590456792,-447.3112,41542.9375,"2025-02-06T11:41:34.043Z",1376.8989
"Medidor 5 - CEDITEC","Potencia activa L2","W",9437.143590456792,-447.3112,41542.9375,"2025-02-06T11:42:34.059Z",1378.6248
"Medidor 5 - CEDITEC","Potencia activa L2","W",9437.143590456792,-447.3112,41542.9375,"2025-02-06T11:43:34.170Z",1375.2819
"Medidor 5 - CEDITEC","Potencia activa L2","W",9437.143590456792,-447.3112,41542.9375,"2025-02-06T11:44:34.289Z",1374.5266
"Medidor 5 - CEDITEC","Potencia activa L2","W",9437.143590456792,-447.3112,41542.9375,"2025-02-06T11:45:34.371Z",1405.4462
"Medidor 5 - CEDITEC","Potencia activa L2","W",9437.143590456792,-447.3112,41542.9375,"2025-02-06T11:46:34.449Z",1406.8793
"Medidor 5 - CEDITEC","Potencia activa L2","W",9437.143590456792,-447.3112,41542.9375,"2025-02-06T11:47:34.546Z",1404.1243
"Medidor 5 - CEDITEC","Potencia activa L2","W",9437.143590456792,-447.3112,41542.9375,"2025-02-06T11:48:34.650Z",1404.5062
"Medidor 5 - CEDITEC","Potencia activa L2","W",9437.143590456792,-447.3112,41542.9375,"2025-02-06T11:49:34.717Z",1410.7607
"Medidor 5 - CEDITEC","Potencia activa L2","W",9437.143590456792,-447.3112,41542.9375,"2025-02-06T11:50:34.857Z",1408.5784
"Medidor 5 - CEDITEC","Potencia activa L2","W",9437.143590456792,-447.3112,41542.9375,"2025-02-06T11:51:34.849Z",1405.6056
"Medidor 5 - CEDITEC","Potencia activa L2","W",9437.143590456792,-447.3112,41542.9375,"2025-02-06T11:52:34.974Z",1412.3016
"Medidor 5 - CEDITEC","Potencia activa L2","W",9437.143590456792,-447.3112,41542.9375,"2025-02-06T11:53:35.038Z",1401.2683
"Medidor 5 - CEDITEC","Potencia activa L2","W",9437.143590456792,-447.3112,41542.9375,"2025-02-06T11:54:35.097Z",1405.9229
"Medidor 5 - CEDITEC","Potencia activa L2","W",9437.143590456792,-447.3112,41542.9375,"2025-02-06T11:55:35.227Z",1407.6597
"Medidor 5 - CEDITEC","Potencia activa L2","W",9437.143590456792,-447.3112,41542.9375,"2025-02-06T11:56:35.285Z",1408.4539
"Medidor 5 - CEDITEC","Potencia activa L2","W",9437.143590456792,-447.3112,41542.9375,"2025-02-06T11:57:35.407Z",1405.9897
"Medidor 5 - CEDITEC","Potencia activa L2","W",9437.143590456792,-447.3112,41542.9375,"2025-02-06T11:58:35.507Z",1406.4344
"Medidor 5 - CEDITEC","Potencia activa L2","W",9437.143590456792,-447.3112,41542.9375,"2025-02-06T11:59:35.611Z",1406.0231
"Medidor 5 - CEDITEC","Potencia activa L2","W",9437.143590456792,-447.3112,41542.9375,"2025-02-06T12:00:35.715Z",1408.443
"Medidor 5 - CEDITEC","Potencia activa L2","W",9437.143590456792,-447.3112,41542.9375,"2025-02-06T12:01:35.755Z",1399.5667
"Medidor 5 - CEDITEC","Potencia activa L2","W",9437.143590456792,-447.3112,41542.9375,"2025-02-06T12:02:35.881Z",1400.8662
"Medidor 5 - CEDITEC","Potencia activa L2","W",9437.143590456792,-447.3112,41542.9375,"2025-02-06T12:03:35.937Z",1390.6621
"Medidor 5 - CEDITEC","Potencia activa L2","W",9437.143590456792,-447.3112,41542.9375,"2025-02-06T12:04:36.056Z",1391.2319
"Medidor 5 - CEDITEC","Potencia activa L2","W",9437.143590456792,-447.3112,41542.9375,"2025-02-06T12:05:36.087Z",1387.6771
"Medidor 5 - CEDITEC","Potencia activa L2","W",9437.143590456792,-447.3112,41542.9375,"2025-02-06T12:06:36.218Z",1377.7028
"Medidor 5 - CEDITEC","Potencia activa L2","W",9437.143590456792,-447.3112,41542.9375,"2025-02-06T12:07:36.307Z",1380.8438
"Medidor 5 - CEDITEC","Potencia activa L2","W",9437.143590456792,-447.3112,41542.9375,"2025-02-06T12:08:36.422Z",1379.5848
"Medidor 5 - CEDITEC","Potencia activa L2","W",9437.143590456792,-447.3112,41542.9375,"2025-02-06T12:09:36.476Z",1377.6429
"Medidor 5 - CEDITEC","Potencia activa L2","W",9437.143590456792,-447.3112,41542.9375,"2025-02-06T12:10:36.612Z",1415.6932
"Medidor 5 - CEDITEC","Potencia activa L2","W",9437.143590456792,-447.3112,41542.9375,"2025-02-06T12:11:36.708Z",1421.115
"Medidor 5 - CEDITEC","Potencia activa L2","W",9437.143590456792,-447.3112,41542.9375,"2025-02-06T12:12:36.735Z",1399.3536
"Medidor 5 - CEDITEC","Potencia activa L2","W",9437.143590456792,-447.3112,41542.9375,"2025-02-06T12:13:36.893Z",1397.895
"Medidor 5 - CEDITEC","Potencia activa L2","W",9437.143590456792,-447.3112,41542.9375,"2025-02-06T12:14:36.956Z",1392.2609
"Medidor 5 - CEDITEC","Potencia activa L2","W",9437.143590456792,-447.3112,41542.9375,"2025-02-06T12:15:37.025Z",1402.7455
"Medidor 5 - CEDITEC","Potencia activa L2","W",9437.143590456792,-447.3112,41542.9375,"2025-02-06T12:16:37.140Z",1388.88
"Medidor 5 - CEDITEC","Potencia activa L2","W",9437.143590456792,-447.3112,41542.9375,"2025-02-06T12:17:37.314Z",1395.4127
"Medidor 5 - CEDITEC","Potencia activa L2","W",9437.143590456792,-447.3112,41542.9375,"2025-02-06T12:18:37.339Z",1396.5095
"Medidor 5 - CEDITEC","Potencia activa L2","W",9437.143590456792,-447.3112,41542.9375,"2025-02-06T12:19:37.491Z",1398.4805
"Medidor 5 - CEDITEC","Potencia activa L2","W",9437.143590456792,-447.3112,41542.9375,"2025-02-06T12:20:37.522Z",1396.0553
"Medidor 5 - CEDITEC","Potencia activa L2","W",9437.143590456792,-447.3112,41542.9375,"2025-02-06T12:21:37.670Z",1394.7924
"Medidor 5 - CEDITEC","Potencia activa L2","W",9437.143590456792,-447.3112,41542.9375,"2025-02-06T12:22:37.751Z",1392.4526
"Medidor 5 - CEDITEC","Potencia activa L2","W",9437.143590456792,-447.3112,41542.9375,"2025-02-06T12:23:37.839Z",1388.1261
"Medidor 5 - CEDITEC","Potencia activa L2","W",9437.143590456792,-447.3112,41542.9375,"2025-02-06T12:24:37.899Z",1435.7692
"Medidor 5 - CEDITEC","Potencia activa L2","W",9437.143590456792,-447.3112,41542.9375,"2025-02-06T12:25:38.042Z",1488.2839
"Medidor 5 - CEDITEC","Potencia activa L2","W",9437.143590456792,-447.3112,41542.9375,"2025-02-06T12:26:38.059Z",1502.599
"Medidor 5 - CEDITEC","Potencia activa L2","W",9437.143590456792,-447.3112,41542.9375,"2025-02-06T12:27:38.194Z",1529.5266
"Medidor 5 - CEDITEC","Potencia activa L2","W",9437.143590456792,-447.3112,41542.9375,"2025-02-06T12:28:38.289Z",1555.3513
"Medidor 5 - CEDITEC","Potencia activa L2","W",9437.143590456792,-447.3112,41542.9375,"2025-02-06T12:29:38.377Z",1586.7052
"Medidor 5 - CEDITEC","Potencia activa L2","W",9437.143590456792,-447.3112,41542.9375,"2025-02-06T12:30:38.466Z",1623.7426
"Medidor 5 - CEDITEC","Potencia activa L2","W",9437.143590456792,-447.3112,41542.9375,"2025-02-06T12:31:38.522Z",1642.7842
"Medidor 5 - CEDITEC","Potencia activa L2","W",9437.143590456792,-447.3112,41542.9375,"2025-02-06T12:32:38.661Z",1688.7982
"Medidor 5 - CEDITEC","Potencia activa L2","W",9437.143590456792,-447.3112,41542.9375,"2025-02-06T12:33:38.746Z",1718.8716
"Medidor 5 - CEDITEC","Potencia activa L2","W",9437.143590456792,-447.3112,41542.9375,"2025-02-06T12:34:38.836Z",1755.697
"Medidor 5 - CEDITEC","Potencia activa L2","W",9437.143590456792,-447.3112,41542.9375,"2025-02-06T12:35:38.821Z",1778.0052
"Medidor 5 - CEDITEC","Potencia activa L2","W",9437.143590456792,-447.3112,41542.9375,"2025-02-06T12:36:39.001Z",1832.2473
"Medidor 5 - CEDITEC","Potencia activa L2","W",9437.143590456792,-447.3112,41542.9375,"2025-02-06T12:37:39.056Z",1838.8829
"Medidor 5 - CEDITEC","Potencia activa L2","W",9437.143590456792,-447.3112,41542.9375,"2025-02-06T12:38:39.090Z",1811.349
"Medidor 5 - CEDITEC","Potencia activa L2","W",9437.143590456792,-447.3112,41542.9375,"2025-02-06T12:39:39.224Z",1807.0471
"Medidor 5 - CEDITEC","Potencia activa L2","W",9437.143590456792,-447.3112,41542.9375,"2025-02-06T12:40:39.333Z",1816.3132
"Medidor 5 - CEDITEC","Potencia activa L2","W",9437.143590456792,-447.3112,41542.9375,"2025-02-06T12:41:39.413Z",1827.5719
"Medidor 5 - CEDITEC","Potencia activa L2","W",9437.143590456792,-447.3112,41542.9375,"2025-02-06T12:42:39.556Z",1858.241
"Medidor 5 - CEDITEC","Potencia activa L2","W",9437.143590456792,-447.3112,41542.9375,"2025-02-06T12:43:39.592Z",1887.1522
"Medidor 5 - CEDITEC","Potencia activa L2","W",9437.143590456792,-447.3112,41542.9375,"2025-02-06T12:44:39.751Z",1904.3728
"Medidor 5 - CEDITEC","Potencia activa L2","W",9437.143590456792,-447.3112,41542.9375,"2025-02-06T12:45:39.803Z",1937.1892
"Medidor 5 - CEDITEC","Potencia activa L2","W",9437.143590456792,-447.3112,41542.9375,"2025-02-06T12:46:39.889Z",1981.52
"Medidor 5 - CEDITEC","Potencia activa L2","W",9437.143590456792,-447.3112,41542.9375,"2025-02-06T12:47:39.939Z",2026.1278
"Medidor 5 - CEDITEC","Potencia activa L2","W",9437.143590456792,-447.3112,41542.9375,"2025-02-06T12:48:40.143Z",2046.2902
"Medidor 5 - CEDITEC","Potencia activa L2","W",9437.143590456792,-447.3112,41542.9375,"2025-02-06T12:49:40.254Z",2096.01
"Medidor 5 - CEDITEC","Potencia activa L2","W",9437.143590456792,-447.3112,41542.9375,"2025-02-06T12:50:40.347Z",2143.0874
"Medidor 5 - CEDITEC","Potencia activa L2","W",9437.143590456792,-447.3112,41542.9375,"2025-02-06T12:51:40.428Z",2176.6167
"Medidor 5 - CEDITEC","Potencia activa L2","W",9437.143590456792,-447.3112,41542.9375,"2025-02-06T12:52:40.453Z",2239.604
"Medidor 5 - CEDITEC","Potencia activa L2","W",9437.143590456792,-447.3112,41542.9375,"2025-02-06T12:53:40.526Z",2271.1135
"Medidor 5 - CEDITEC","Potencia activa L2","W",9437.143590456792,-447.3112,41542.9375,"2025-02-06T12:54:40.673Z",2275.9075
"Medidor 5 - CEDITEC","Potencia activa L2","W",9437.143590456792,-447.3112,41542.9375,"2025-02-06T12:55:40.671Z",2295.3547
"Medidor 5 - CEDITEC","Potencia activa L2","W",9437.143590456792,-447.3112,41542.9375,"2025-02-06T12:56:40.758Z",2313.8975
"Medidor 5 - CEDITEC","Potencia activa L2","W",9437.143590456792,-447.3112,41542.9375,"2025-02-06T12:57:40.888Z",2313.6995
"Medidor 5 - CEDITEC","Potencia activa L2","W",9437.143590456792,-447.3112,41542.9375,"2025-02-06T12:58:40.894Z",2314.2078
"Medidor 5 - CEDITEC","Potencia activa L2","W",9437.143590456792,-447.3112,41542.9375,"2025-02-06T12:59:41.012Z",2363.9724
"Medidor 5 - CEDITEC","Potencia activa L2","W",9437.143590456792,-447.3112,41542.9375,"2025-02-06T13:00:41.108Z",2484.3906
"Medidor 5 - CEDITEC","Potencia activa L2","W",9437.143590456792,-447.3112,41542.9375,"2025-02-06T13:01:41.234Z",2593.8352
"Medidor 5 - CEDITEC","Potencia activa L2","W",9437.143590456792,-447.3112,41542.9375,"2025-02-06T13:02:41.249Z",2612.2188
"Medidor 5 - CEDITEC","Potencia activa L2","W",9437.143590456792,-447.3112,41542.9375,"2025-02-06T13:03:41.328Z",2638.1138
"Medidor 5 - CEDITEC","Potencia activa L2","W",9437.143590456792,-447.3112,41542.9375,"2025-02-06T13:04:41.369Z",2696.313
"Medidor 5 - CEDITEC","Potencia activa L2","W",9437.143590456792,-447.3112,41542.9375,"2025-02-06T13:05:41.446Z",2701.2148
"Medidor 5 - CEDITEC","Potencia activa L2","W",9437.143590456792,-447.3112,41542.9375,"2025-02-06T13:06:41.611Z",2829.9048
"Medidor 5 - CEDITEC","Potencia activa L2","W",9437.143590456792,-447.3112,41542.9375,"2025-02-06T13:07:41.663Z",2907.3806
"Medidor 5 - CEDITEC","Potencia activa L2","W",9437.143590456792,-447.3112,41542.9375,"2025-02-06T13:08:41.715Z",2967.6763
"Medidor 5 - CEDITEC","Potencia activa L2","W",9437.143590456792,-447.3112,41542.9375,"2025-02-06T13:09:41.899Z",3059.3884
"Medidor 5 - CEDITEC","Potencia activa L2","W",9437.143590456792,-447.3112,41542.9375,"2025-02-06T13:10:41.938Z",3152.8535
"Medidor 5 - CEDITEC","Potencia activa L2","W",9437.143590456792,-447.3112,41542.9375,"2025-02-06T13:11:42.054Z",3224.6018
"Medidor 5 - CEDITEC","Potencia activa L2","W",9437.143590456792,-447.3112,41542.9375,"2025-02-06T13:12:42.125Z",3309.4893
"Medidor 5 - CEDITEC","Potencia activa L2","W",9437.143590456792,-447.3112,41542.9375,"2025-02-06T13:13:42.185Z",3347.3596
"Medidor 5 - CEDITEC","Potencia activa L2","W",9437.143590456792,-447.3112,41542.9375,"2025-02-06T13:14:42.268Z",3437.4185
"Medidor 5 - CEDITEC","Potencia activa L2","W",9437.143590456792,-447.3112,41542.9375,"2025-02-06T13:15:42.356Z",3553.5898
"Medidor 5 - CEDITEC","Potencia activa L2","W",9437.143590456792,-447.3112,41542.9375,"2025-02-06T13:16:42.372Z",3636.1655
"Medidor 5 - CEDITEC","Potencia activa L2","W",9437.143590456792,-447.3112,41542.9375,"2025-02-06T13:17:42.563Z",3914.3826
"Medidor 5 - CEDITEC","Potencia activa L2","W",9437.143590456792,-447.3112,41542.9375,"2025-02-06T13:18:42.598Z",4101.1362
"Medidor 5 - CEDITEC","Potencia activa L2","W",9437.143590456792,-447.3112,41542.9375,"2025-02-06T13:19:42.693Z",4235.0396
"Medidor 5 - CEDITEC","Potencia activa L2","W",9437.143590456792,-447.3112,41542.9375,"2025-02-06T13:20:42.768Z",4352.397
"Medidor 5 - CEDITEC","Potencia activa L2","W",9437.143590456792,-447.3112,41542.9375,"2025-02-06T13:21:42.839Z",4481.8091
"Medidor 5 - CEDITEC","Potencia activa L2","W",9437.143590456792,-447.3112,41542.9375,"2025-02-06T13:22:42.881Z",4619.2505
"Medidor 5 - CEDITEC","Potencia activa L2","W",9437.143590456792,-447.3112,41542.9375,"2025-02-06T13:23:43.015Z",4718.0254
"Medidor 5 - CEDITEC","Potencia activa L2","W",9437.143590456792,-447.3112,41542.9375,"2025-02-06T13:24:43.073Z",4917.1025
"Medidor 5 - CEDITEC","Potencia activa L2","W",9437.143590456792,-447.3112,41542.9375,"2025-02-06T13:25:43.108Z",5091.9209
"Medidor 5 - CEDITEC","Potencia activa L2","W",9437.143590456792,-447.3112,41542.9375,"2025-02-06T13:26:43.250Z",5253.457
"Medidor 5 - CEDITEC","Potencia activa L2","W",9437.143590456792,-447.3112,41542.9375,"2025-02-06T13:27:43.317Z",5434.3989
"Medidor 5 - CEDITEC","Potencia activa L2","W",9437.143590456792,-447.3112,41542.9375,"2025-02-06T13:28:43.478Z",5576.314
"Medidor 5 - CEDITEC","Potencia activa L2","W",9437.143590456792,-447.3112,41542.9375,"2025-02-06T13:29:43.503Z",5715.1982
"Medidor 5 - CEDITEC","Potencia activa L2","W",9437.143590456792,-447.3112,41542.9375,"2025-02-06T13:30:43.642Z",5902.8115
"Medidor 5 - CEDITEC","Potencia activa L2","W",9437.143590456792,-447.3112,41542.9375,"2025-02-06T13:31:43.694Z",6058.1909
"Medidor 5 - CEDITEC","Potencia activa L2","W",9437.143590456792,-447.3112,41542.9375,"2025-02-06T13:32:43.725Z",6217.7095
"Medidor 5 - CEDITEC","Potencia activa L2","W",9437.143590456792,-447.3112,41542.9375,"2025-02-06T13:33:43.786Z",6375.395
"Medidor 5 - CEDITEC","Potencia activa L2","W",9437.143590456792,-447.3112,41542.9375,"2025-02-06T13:34:43.917Z",6505.8994
"Medidor 5 - CEDITEC","Potencia activa L2","W",9437.143590456792,-447.3112,41542.9375,"2025-02-06T13:35:44.047Z",6719.125
"Medidor 5 - CEDITEC","Potencia activa L2","W",9437.143590456792,-447.3112,41542.9375,"2025-02-06T13:36:44.031Z",6944.3218
"Medidor 5 - CEDITEC","Potencia activa L2","W",9437.143590456792,-447.3112,41542.9375,"2025-02-06T13:37:44.129Z",7094.5342
"Medidor 5 - CEDITEC","Potencia activa L2","W",9437.143590456792,-447.3112,41542.9375,"2025-02-06T13:38:44.243Z",7295.2861
"Medidor 5 - CEDITEC","Potencia activa L2","W",9437.143590456792,-447.3112,41542.9375,"2025-02-06T13:39:44.349Z",7463.272
"Medidor 5 - CEDITEC","Potencia activa L2","W",9437.143590456792,-447.3112,41542.9375,"2025-02-06T13:40:44.436Z",7631.2217
"Medidor 5 - CEDITEC","Potencia activa L2","W",9437.143590456792,-447.3112,41542.9375,"2025-02-06T13:41:44.488Z",7772.0405
"Medidor 5 - CEDITEC","Potencia activa L2","W",9437.143590456792,-447.3112,41542.9375,"2025-02-06T13:42:44.519Z",8006.3672
"Medidor 5 - CEDITEC","Potencia activa L2","W",9437.143590456792,-447.3112,41542.9375,"2025-02-06T13:43:44.635Z",8221.3477
"Medidor 5 - CEDITEC","Potencia activa L2","W",9437.143590456792,-447.3112,41542.9375,"2025-02-06T13:44:44.741Z",8454.3848
"Medidor 5 - CEDITEC","Potencia activa L2","W",9437.143590456792,-447.3112,41542.9375,"2025-02-06T13:45:44.829Z",8648.6758
"Medidor 5 - CEDITEC","Potencia activa L2","W",9437.143590456792,-447.3112,41542.9375,"2025-02-06T13:46:44.923Z",8913.1406
"Medidor 5 - CEDITEC","Potencia activa L2","W",9437.143590456792,-447.3112,41542.9375,"2025-02-06T13:47:45.038Z",9096.7959
"Medidor 5 - CEDITEC","Potencia activa L2","W",9437.143590456792,-447.3112,41542.9375,"2025-02-06T13:48:45.120Z",9271.0215
"Medidor 5 - CEDITEC","Potencia activa L2","W",9437.143590456792,-447.3112,41542.9375,"2025-02-06T13:49:45.185Z",9400.6953
"Medidor 5 - CEDITEC","Potencia activa L2","W",9437.143590456792,-447.3112,41542.9375,"2025-02-06T13:50:45.257Z",9548.0928
"Medidor 5 - CEDITEC","Potencia activa L2","W",9437.143590456792,-447.3112,41542.9375,"2025-02-06T13:51:45.431Z",9769.0566
"Medidor 5 - CEDITEC","Potencia activa L2","W",9437.143590456792,-447.3112,41542.9375,"2025-02-06T13:52:45.469Z",9992.5967
"Medidor 5 - CEDITEC","Potencia activa L2","W",9437.143590456792,-447.3112,41542.9375,"2025-02-06T13:53:45.554Z",10247.9111
"Medidor 5 - CEDITEC","Potencia activa L2","W",9437.143590456792,-447.3112,41542.9375,"2025-02-06T13:54:45.643Z",10335.1562
"Medidor 5 - CEDITEC","Potencia activa L2","W",9437.143590456792,-447.3112,41542.9375,"2025-02-06T13:55:45.780Z",10604.917
"Medidor 5 - CEDITEC","Potencia activa L2","W",9437.143590456792,-447.3112,41542.9375,"2025-02-06T13:56:45.835Z",10807.7051
"Medidor 5 - CEDITEC","Potencia activa L2","W",9437.143590456792,-447.3112,41542.9375,"2025-02-06T13:57:45.954Z",11078.1943
"Medidor 5 - CEDITEC","Potencia activa L2","W",9437.143590456792,-447.3112,41542.9375,"2025-02-06T13:58:46.022Z",11283.3047
"Medidor 5 - CEDITEC","Potencia activa L2","W",9437.143590456792,-447.3112,41542.9375,"2025-02-06T13:59:46.106Z",11412.1045
"Medidor 5 - CEDITEC","Potencia activa L2","W",9437.143590456792,-447.3112,41542.9375,"2025-02-06T14:00:46.200Z",11644.6104
"Medidor 5 - CEDITEC","Potencia activa L2","W",9437.143590456792,-447.3112,41542.9375,"2025-02-06T14:01:46.295Z",11960.6582
"Medidor 5 - CEDITEC","Potencia activa L2","W",9437.143590456792,-447.3112,41542.9375,"2025-02-06T14:02:46.408Z",12214.7061
"Medidor 5 - CEDITEC","Potencia activa L2","W",9437.143590456792,-447.3112,41542.9375,"2025-02-06T14:03:46.435Z",12372.2246
"Medidor 5 - CEDITEC","Potencia activa L2","W",9437.143590456792,-447.3112,41542.9375,"2025-02-06T14:04:46.593Z",12506.8457
"Medidor 5 - CEDITEC","Potencia activa L2","W",9437.143590456792,-447.3112,41542.9375,"2025-02-06T14:05:46.648Z",12717.6953
"Medidor 5 - CEDITEC","Potencia activa L2","W",9437.143590456792,-447.3112,41542.9375,"2025-02-06T14:06:46.747Z",13013.0254
"Medidor 5 - CEDITEC","Potencia activa L2","W",9437.143590456792,-447.3112,41542.9375,"2025-02-06T14:07:46.737Z",13130.3301
"Medidor 5 - CEDITEC","Potencia activa L2","W",9437.143590456792,-447.3112,41542.9375,"2025-02-06T14:08:46.888Z",13270.792
"Medidor 5 - CEDITEC","Potencia activa L2","W",9437.143590456792,-447.3112,41542.9375,"2025-02-06T14:09:46.999Z",13496.3076
"Medidor 5 - CEDITEC","Potencia activa L2","W",9437.143590456792,-447.3112,41542.9375,"2025-02-06T14:10:47.171Z",13758.9238
"Medidor 5 - CEDITEC","Potencia activa L2","W",9437.143590456792,-447.3112,41542.9375,"2025-02-06T14:11:47.232Z",13792.8135
"Medidor 5 - CEDITEC","Potencia activa L2","W",9437.143590456792,-447.3112,41542.9375,"2025-02-06T14:12:47.352Z",14177.2402
"Medidor 5 - CEDITEC","Potencia activa L2","W",9437.143590456792,-447.3112,41542.9375,"2025-02-06T14:13:47.423Z",14299.4229
"Medidor 5 - CEDITEC","Potencia activa L2","W",9437.143590456792,-447.3112,41542.9375,"2025-02-06T14:14:47.523Z",14248.9248
"Medidor 5 - CEDITEC","Potencia activa L2","W",9437.143590456792,-447.3112,41542.9375,"2025-02-06T14:15:47.589Z",14602.5635
"Medidor 5 - CEDITEC","Potencia activa L2","W",9437.143590456792,-447.3112,41542.9375,"2025-02-06T14:16:47.703Z",14511.2207
"Medidor 5 - CEDITEC","Potencia activa L2","W",9437.143590456792,-447.3112,41542.9375,"2025-02-06T14:17:47.817Z",14802.0059
"Medidor 5 - CEDITEC","Potencia activa L2","W",9437.143590456792,-447.3112,41542.9375,"2025-02-06T14:18:47.830Z",14945.9658
"Medidor 5 - CEDITEC","Potencia activa L2","W",9437.143590456792,-447.3112,41542.9375,"2025-02-06T14:19:47.914Z",15380.3564
"Medidor 5 - CEDITEC","Potencia activa L2","W",9437.143590456792,-447.3112,41542.9375,"2025-02-06T14:20:47.994Z",15458.5918
"Medidor 5 - CEDITEC","Potencia activa L2","W",9437.143590456792,-447.3112,41542.9375,"2025-02-06T14:21:48.107Z",15769.5693
"Medidor 5 - CEDITEC","Potencia activa L2","W",9437.143590456792,-447.3112,41542.9375,"2025-02-06T14:22:48.198Z",15907.2314
"Medidor 5 - CEDITEC","Potencia activa L2","W",9437.143590456792,-447.3112,41542.9375,"2025-02-06T14:23:48.264Z",15977.8945
"Medidor 5 - CEDITEC","Potencia activa L2","W",9437.143590456792,-447.3112,41542.9375,"2025-02-06T14:24:48.307Z",16129.1855
"Medidor 5 - CEDITEC","Potencia activa L2","W",9437.143590456792,-447.3112,41542.9375,"2025-02-06T14:25:48.501Z",16017.5547
"Medidor 5 - CEDITEC","Potencia activa L2","W",9437.143590456792,-447.3112,41542.9375,"2025-02-06T14:26:48.468Z",15871.4834
"Medidor 5 - CEDITEC","Potencia activa L2","W",9437.143590456792,-447.3112,41542.9375,"2025-02-06T14:27:48.584Z",16626.5742
"Medidor 5 - CEDITEC","Potencia activa L2","W",9437.143590456792,-447.3112,41542.9375,"2025-02-06T14:28:48.693Z",16778.3086
"Medidor 5 - CEDITEC","Potencia activa L2","W",9437.143590456792,-447.3112,41542.9375,"2025-02-06T14:29:48.808Z",17081.4863
"Medidor 5 - CEDITEC","Potencia activa L2","W",9437.143590456792,-447.3112,41542.9375,"2025-02-06T14:30:48.909Z",17208.1289
"Medidor 5 - CEDITEC","Potencia activa L2","W",9437.143590456792,-447.3112,41542.9375,"2025-02-06T14:31:48.983Z",10059.2812
"Medidor 5 - CEDITEC","Potencia activa L2","W",9437.143590456792,-447.3112,41542.9375,"2025-02-06T14:32:49.081Z",10119.041
"Medidor 5 - CEDITEC","Potencia activa L2","W",9437.143590456792,-447.3112,41542.9375,"2025-02-06T14:33:49.093Z",10170.5547
"Medidor 5 - CEDITEC","Potencia activa L2","W",9437.143590456792,-447.3112,41542.9375,"2025-02-06T14:34:49.200Z",10278.4189
"Medidor 5 - CEDITEC","Potencia activa L2","W",9437.143590456792,-447.3112,41542.9375,"2025-02-06T14:35:49.283Z",10286.7002
"Medidor 5 - CEDITEC","Potencia activa L2","W",9437.143590456792,-447.3112,41542.9375,"2025-02-06T14:36:49.409Z",10386.8105
"Medidor 5 - CEDITEC","Potencia activa L2","W",9437.143590456792,-447.3112,41542.9375,"2025-02-06T14:37:49.459Z",10488.5537
"Medidor 5 - CEDITEC","Potencia activa L2","W",9437.143590456792,-447.3112,41542.9375,"2025-02-06T14:38:49.585Z",10509.2539
"Medidor 5 - CEDITEC","Potencia activa L2","W",9437.143590456792,-447.3112,41542.9375,"2025-02-06T14:39:49.728Z",10624.3184
"Medidor 5 - CEDITEC","Potencia activa L2","W",9437.143590456792,-447.3112,41542.9375,"2025-02-06T14:40:49.768Z",10739.9004
"Medidor 5 - CEDITEC","Potencia activa L2","W",9437.143590456792,-447.3112,41542.9375,"2025-02-06T14:41:49.907Z",10843.1504
"Medidor 5 - CEDITEC","Potencia activa L2","W",9437.143590456792,-447.3112,41542.9375,"2025-02-06T14:42:49.966Z",10866.6807
"Medidor 5 - CEDITEC","Potencia activa L2","W",9437.143590456792,-447.3112,41542.9375,"2025-02-06T14:43:49.995Z",10935.9141
"Medidor 5 - CEDITEC","Potencia activa L2","W",9437.143590456792,-447.3112,41542.9375,"2025-02-06T14:44:50.038Z",10935.5186
"Medidor 5 - CEDITEC","Potencia activa L2","W",9437.143590456792,-447.3112,41542.9375,"2025-02-06T14:45:50.123Z",11033.9053
"Medidor 5 - CEDITEC","Potencia activa L2","W",9437.143590456792,-447.3112,41542.9375,"2025-02-06T14:46:50.301Z",11121.1699
"Medidor 5 - CEDITEC","Potencia activa L2","W",9437.143590456792,-447.3112,41542.9375,"2025-02-06T14:47:50.330Z",11087.3184
"Medidor 5 - CEDITEC","Potencia activa L2","W",9437.143590456792,-447.3112,41542.9375,"2025-02-06T14:48:50.457Z",11290.3076
"Medidor 5 - CEDITEC","Potencia activa L2","W",9437.143590456792,-447.3112,41542.9375,"2025-02-06T14:49:50.531Z",11451.6035
"Medidor 5 - CEDITEC","Potencia activa L2","W",9437.143590456792,-447.3112,41542.9375,"2025-02-06T14:50:50.621Z",11431.6387
"Medidor 5 - CEDITEC","Potencia activa L2","W",9437.143590456792,-447.3112,41542.9375,"2025-02-06T14:51:50.715Z",11345.8613
"Medidor 5 - CEDITEC","Potencia activa L2","W",9437.143590456792,-447.3112,41542.9375,"2025-02-06T14:52:50.797Z",11397.1523
"Medidor 5 - CEDITEC","Potencia activa L2","W",9437.143590456792,-447.3112,41542.9375,"2025-02-06T14:53:50.854Z",11569.3105
"Medidor 5 - CEDITEC","Potencia activa L2","W",9437.143590456792,-447.3112,41542.9375,"2025-02-06T14:54:50.992Z",11737.207
"Medidor 5 - CEDITEC","Potencia activa L2","W",9437.143590456792,-447.3112,41542.9375,"2025-02-06T14:55:51.050Z",11767.3965
"Medidor 5 - CEDITEC","Potencia activa L2","W",9437.143590456792,-447.3112,41542.9375,"2025-02-06T14:56:51.154Z",11600.6797
"Medidor 5 - CEDITEC","Potencia activa L2","W",9437.143590456792,-447.3112,41542.9375,"2025-02-06T14:57:51.238Z",11789.2031
"Medidor 5 - CEDITEC","Potencia activa L2","W",9437.143590456792,-447.3112,41542.9375,"2025-02-06T14:58:51.290Z",11964.5391
"Medidor 5 - CEDITEC","Potencia activa L2","W",9437.143590456792,-447.3112,41542.9375,"2025-02-06T14:59:51.417Z",11853.4658
"Medidor 5 - CEDITEC","Potencia activa L2","W",9437.143590456792,-447.3112,41542.9375,"2025-02-06T15:00:51.469Z",12034.2832
"Medidor 5 - CEDITEC","Potencia activa L2","W",9437.143590456792,-447.3112,41542.9375,"2025-02-06T15:01:51.646Z",12168.5781
"Medidor 5 - CEDITEC","Potencia activa L2","W",9437.143590456792,-447.3112,41542.9375,"2025-02-06T15:02:51.763Z",21823.5332
"Medidor 5 - CEDITEC","Potencia activa L2","W",9437.143590456792,-447.3112,41542.9375,"2025-02-06T15:03:51.807Z",22201.3711
"Medidor 5 - CEDITEC","Potencia activa L2","W",9437.143590456792,-447.3112,41542.9375,"2025-02-06T15:04:51.893Z",22382.5977
"Medidor 5 - CEDITEC","Potencia activa L2","W",9437.143590456792,-447.3112,41542.9375,"2025-02-06T15:05:51.968Z",22822.9707
"Medidor 5 - CEDITEC","Potencia activa L2","W",9437.143590456792,-447.3112,41542.9375,"2025-02-06T15:06:52.062Z",23118.3105
"Medidor 5 - CEDITEC","Potencia activa L2","W",9437.143590456792,-447.3112,41542.9375,"2025-02-06T15:07:52.088Z",22979.6309
"Medidor 5 - CEDITEC","Potencia activa L2","W",9437.143590456792,-447.3112,41542.9375,"2025-02-06T15:08:52.161Z",23706.5273
"Medidor 5 - CEDITEC","Potencia activa L2","W",9437.143590456792,-447.3112,41542.9375,"2025-02-06T15:09:52.326Z",24107.6836
"Medidor 5 - CEDITEC","Potencia activa L2","W",9437.143590456792,-447.3112,41542.9375,"2025-02-06T15:10:52.362Z",24301.3672
"Medidor 5 - CEDITEC","Potencia activa L2","W",9437.143590456792,-447.3112,41542.9375,"2025-02-06T15:11:52.439Z",13110.6777
"Medidor 5 - CEDITEC","Potencia activa L2","W",9437.143590456792,-447.3112,41542.9375,"2025-02-06T15:12:52.625Z",13260.2295
"Medidor 5 - CEDITEC","Potencia activa L2","W",9437.143590456792,-447.3112,41542.9375,"2025-02-06T15:13:52.580Z",13356.8867
"Medidor 5 - CEDITEC","Potencia activa L2","W",9437.143590456792,-447.3112,41542.9375,"2025-02-06T15:14:52.697Z",13444.4229
"Medidor 5 - CEDITEC","Potencia activa L2","W",9437.143590456792,-447.3112,41542.9375,"2025-02-06T15:15:52.802Z",13534.1562
"Medidor 5 - CEDITEC","Potencia activa L2","W",9437.143590456792,-447.3112,41542.9375,"2025-02-06T15:16:52.965Z",13680.3672
"Medidor 5 - CEDITEC","Potencia activa L2","W",9437.143590456792,-447.3112,41542.9375,"2025-02-06T15:17:52.974Z",13762.6582
"Medidor 5 - CEDITEC","Potencia activa L2","W",9437.143590456792,-447.3112,41542.9375,"2025-02-06T15:18:53.047Z",13817.4355
"Medidor 5 - CEDITEC","Potencia activa L2","W",9437.143590456792,-447.3112,41542.9375,"2025-02-06T15:19:53.047Z",13865.5664
"Medidor 5 - CEDITEC","Potencia activa L2","W",9437.143590456792,-447.3112,41542.9375,"2025-02-06T15:20:53.185Z",13960.9922
"Medidor 5 - CEDITEC","Potencia activa L2","W",9437.143590456792,-447.3112,41542.9375,"2025-02-06T15:21:53.281Z",13997.6094
"Medidor 5 - CEDITEC","Potencia activa L2","W",9437.143590456792,-447.3112,41542.9375,"2025-02-06T15:22:53.359Z",13874.9199
"Medidor 5 - CEDITEC","Potencia activa L2","W",9437.143590456792,-447.3112,41542.9375,"2025-02-06T15:23:53.417Z",14062.5576
"Medidor 5 - CEDITEC","Potencia activa L2","W",9437.143590456792,-447.3112,41542.9375,"2025-02-06T15:24:53.515Z",14047.3486
"Medidor 5 - CEDITEC","Potencia activa L2","W",9437.143590456792,-447.3112,41542.9375,"2025-02-06T15:25:53.587Z",25503.6133
"Medidor 5 - CEDITEC","Potencia activa L2","W",9437.143590456792,-447.3112,41542.9375,"2025-02-06T15:26:53.631Z",26018.0762
"Medidor 5 - CEDITEC","Potencia activa L2","W",9437.143590456792,-447.3112,41542.9375,"2025-02-06T15:27:53.678Z",26262.8477
"Medidor 5 - CEDITEC","Potencia activa L2","W",9437.143590456792,-447.3112,41542.9375,"2025-02-06T15:28:53.769Z",26718.2539
"Medidor 5 - CEDITEC","Potencia activa L2","W",9437.143590456792,-447.3112,41542.9375,"2025-02-06T15:29:53.830Z",26874.5039
"Medidor 5 - CEDITEC","Potencia activa L2","W",9437.143590456792,-447.3112,41542.9375,"2025-02-06T15:30:54.031Z",27224.7285
"Medidor 5 - CEDITEC","Potencia activa L2","W",9437.143590456792,-447.3112,41542.9375,"2025-02-06T15:31:54.049Z",27190.6543
"Medidor 5 - CEDITEC","Potencia activa L2","W",9437.143590456792,-447.3112,41542.9375,"2025-02-06T15:32:54.165Z",27391.4824
"Medidor 5 - CEDITEC","Potencia activa L2","W",9437.143590456792,-447.3112,41542.9375,"2025-02-06T15:33:54.278Z",27422.1328
"Medidor 5 - CEDITEC","Potencia activa L2","W",9437.143590456792,-447.3112,41542.9375,"2025-02-06T15:34:54.337Z",27732.9453
"Medidor 5 - CEDITEC","Potencia activa L2","W",9437.143590456792,-447.3112,41542.9375,"2025-02-06T15:35:54.432Z",27709.7656
"Medidor 5 - CEDITEC","Potencia activa L2","W",9437.143590456792,-447.3112,41542.9375,"2025-02-06T15:36:54.477Z",27958.1934
"Medidor 5 - CEDITEC","Potencia activa L2","W",9437.143590456792,-447.3112,41542.9375,"2025-02-06T15:37:54.676Z",28083.6211
"Medidor 5 - CEDITEC","Potencia activa L2","W",9437.143590456792,-447.3112,41542.9375,"2025-02-06T15:38:54.726Z",28099.4141
"Medidor 5 - CEDITEC","Potencia activa L2","W",9437.143590456792,-447.3112,41542.9375,"2025-02-06T15:39:54.854Z",27972.8047
"Medidor 5 - CEDITEC","Potencia activa L2","W",9437.143590456792,-447.3112,41542.9375,"2025-02-06T15:40:54.937Z",28247.3223
"Medidor 5 - CEDITEC","Potencia activa L2","W",9437.143590456792,-447.3112,41542.9375,"2025-02-06T15:41:55.013Z",28602.5312
"Medidor 5 - CEDITEC","Potencia activa L2","W",9437.143590456792,-447.3112,41542.9375,"2025-02-06T15:42:55.072Z",28682.6719
"Medidor 5 - CEDITEC","Potencia activa L2","W",9437.143590456792,-447.3112,41542.9375,"2025-02-06T15:43:55.151Z",28564.0996
"Medidor 5 - CEDITEC","Potencia activa L2","W",9437.143590456792,-447.3112,41542.9375,"2025-02-06T15:44:55.214Z",28734.25
"Medidor 5 - CEDITEC","Potencia activa L2","W",9437.143590456792,-447.3112,41542.9375,"2025-02-06T15:45:55.376Z",29050.4141
"Medidor 5 - CEDITEC","Potencia activa L2","W",9437.143590456792,-447.3112,41542.9375,"2025-02-06T15:46:55.473Z",28977.209
"Medidor 5 - CEDITEC","Potencia activa L2","W",9437.143590456792,-447.3112,41542.9375,"2025-02-06T15:47:55.544Z",29013.0254
"Medidor 5 - CEDITEC","Potencia activa L2","W",9437.143590456792,-447.3112,41542.9375,"2025-02-06T15:48:55.641Z",29130.0156
"Medidor 5 - CEDITEC","Potencia activa L2","W",9437.143590456792,-447.3112,41542.9375,"2025-02-06T15:49:55.726Z",29368.7676
"Medidor 5 - CEDITEC","Potencia activa L2","W",9437.143590456792,-447.3112,41542.9375,"2025-02-06T15:50:55.771Z",29892.0137
"Medidor 5 - CEDITEC","Potencia activa L2","W",9437.143590456792,-447.3112,41542.9375,"2025-02-06T15:51:55.927Z",29372.9668
"Medidor 5 - CEDITEC","Potencia activa L2","W",9437.143590456792,-447.3112,41542.9375,"2025-02-06T15:52:56.014Z",29691.0781
"Medidor 5 - CEDITEC","Potencia activa L2","W",9437.143590456792,-447.3112,41542.9375,"2025-02-06T15:53:56.027Z",29783.1836
"Medidor 5 - CEDITEC","Potencia activa L2","W",9437.143590456792,-447.3112,41542.9375,"2025-02-06T15:54:56.109Z",29800.1934
"Medidor 5 - CEDITEC","Potencia activa L2","W",9437.143590456792,-447.3112,41542.9375,"2025-02-06T15:55:56.237Z",1299.6699
"Medidor 5 - CEDITEC","Potencia activa L2","W",9437.143590456792,-447.3112,41542.9375,"2025-02-06T15:56:56.323Z",0
"Medidor 5 - CEDITEC","Potencia activa L2","W",9437.143590456792,-447.3112,41542.9375,"2025-02-06T15:57:56.390Z",0
"Medidor 5 - CEDITEC","Potencia activa L2","W",9437.143590456792,-447.3112,41542.9375,"2025-02-06T15:58:56.515Z",0
"Medidor 5 - CEDITEC","Potencia activa L2","W",9437.143590456792,-447.3112,41542.9375,"2025-02-06T15:59:56.637Z",0
"Medidor 5 - CEDITEC","Potencia activa L2","W",9437.143590456792,-447.3112,41542.9375,"2025-02-06T16:00:56.758Z",0
"Medidor 5 - CEDITEC","Potencia activa L2","W",9437.143590456792,-447.3112,41542.9375,"2025-02-06T16:01:56.824Z",0
"Medidor 5 - CEDITEC","Potencia activa L2","W",9437.143590456792,-447.3112,41542.9375,"2025-02-06T16:02:56.842Z",0
"Medidor 5 - CEDITEC","Potencia activa L2","W",9437.143590456792,-447.3112,41542.9375,"2025-02-06T16:03:56.931Z",0
"Medidor 5 - CEDITEC","Potencia activa L2","W",9437.143590456792,-447.3112,41542.9375,"2025-02-06T16:04:57.154Z",0
"Medidor 5 - CEDITEC","Potencia activa L2","W",9437.143590456792,-447.3112,41542.9375,"2025-02-06T16:05:57.201Z",0
"Medidor 5 - CEDITEC","Potencia activa L2","W",9437.143590456792,-447.3112,41542.9375,"2025-02-06T16:06:57.285Z",0
"Medidor 5 - CEDITEC","Potencia activa L2","W",9437.143590456792,-447.3112,41542.9375,"2025-02-06T16:07:57.323Z",0
"Medidor 5 - CEDITEC","Potencia activa L2","W",9437.143590456792,-447.3112,41542.9375,"2025-02-06T16:08:57.426Z",0
"Medidor 5 - CEDITEC","Potencia activa L2","W",9437.143590456792,-447.3112,41542.9375,"2025-02-06T16:09:57.591Z",0
"Medidor 5 - CEDITEC","Potencia activa L2","W",9437.143590456792,-447.3112,41542.9375,"2025-02-06T16:10:57.655Z",0
"Medidor 5 - CEDITEC","Potencia activa L2","W",9437.143590456792,-447.3112,41542.9375,"2025-02-06T16:11:57.710Z",0
"Medidor 5 - CEDITEC","Potencia activa L2","W",9437.143590456792,-447.3112,41542.9375,"2025-02-06T16:12:57.812Z",0
"Medidor 5 - CEDITEC","Potencia activa L2","W",9437.143590456792,-447.3112,41542.9375,"2025-02-06T16:13:57.826Z",0
"Medidor 5 - CEDITEC","Potencia activa L2","W",9437.143590456792,-447.3112,41542.9375,"2025-02-06T16:14:57.976Z",0
"Medidor 5 - CEDITEC","Potencia activa L2","W",9437.143590456792,-447.3112,41542.9375,"2025-02-06T16:15:58.021Z",0
"Medidor 5 - CEDITEC","Potencia activa L2","W",9437.143590456792,-447.3112,41542.9375,"2025-02-06T16:16:58.055Z",0
"Medidor 5 - CEDITEC","Potencia activa L2","W",9437.143590456792,-447.3112,41542.9375,"2025-02-06T16:17:58.134Z",0
"Medidor 5 - CEDITEC","Potencia activa L2","W",9437.143590456792,-447.3112,41542.9375,"2025-02-06T16:18:58.170Z",0
"Medidor 5 - CEDITEC","Potencia activa L2","W",9437.143590456792,-447.3112,41542.9375,"2025-02-06T16:19:58.334Z",0
"Medidor 5 - CEDITEC","Potencia activa L2","W",9437.143590456792,-447.3112,41542.9375,"2025-02-06T16:20:58.365Z",0
"Medidor 5 - CEDITEC","Potencia activa L2","W",9437.143590456792,-447.3112,41542.9375,"2025-02-06T16:21:58.474Z",0
"Medidor 5 - CEDITEC","Potencia activa L2","W",9437.143590456792,-447.3112,41542.9375,"2025-02-06T16:22:58.500Z",0
"Medidor 5 - CEDITEC","Potencia activa L2","W",9437.143590456792,-447.3112,41542.9375,"2025-02-06T16:23:58.629Z",0
"Medidor 5 - CEDITEC","Potencia activa L2","W",9437.143590456792,-447.3112,41542.9375,"2025-02-06T16:24:58.737Z",0
"Medidor 5 - CEDITEC","Potencia activa L2","W",9437.143590456792,-447.3112,41542.9375,"2025-02-06T16:25:58.826Z",0
"Medidor 5 - CEDITEC","Potencia activa L2","W",9437.143590456792,-447.3112,41542.9375,"2025-02-06T16:26:58.884Z",0
"Medidor 5 - CEDITEC","Potencia activa L2","W",9437.143590456792,-447.3112,41542.9375,"2025-02-06T16:27:58.949Z",0
"Medidor 5 - CEDITEC","Potencia activa L2","W",9437.143590456792,-447.3112,41542.9375,"2025-02-06T16:28:59.117Z",0
"Medidor 5 - CEDITEC","Potencia activa L2","W",9437.143590456792,-447.3112,41542.9375,"2025-02-06T16:29:59.115Z",0
"Medidor 5 - CEDITEC","Potencia activa L2","W",9437.143590456792,-447.3112,41542.9375,"2025-02-06T16:30:59.163Z",0
"Medidor 5 - CEDITEC","Potencia activa L2","W",9437.143590456792,-447.3112,41542.9375,"2025-02-06T16:31:59.350Z",0
"Medidor 5 - CEDITEC","Potencia activa L2","W",9437.143590456792,-447.3112,41542.9375,"2025-02-06T16:32:59.355Z",0
"Medidor 5 - CEDITEC","Potencia activa L2","W",9437.143590456792,-447.3112,41542.9375,"2025-02-06T16:33:59.513Z",0
"Medidor 5 - CEDITEC","Potencia activa L2","W",9437.143590456792,-447.3112,41542.9375,"2025-02-06T16:34:59.561Z",0
"Medidor 5 - CEDITEC","Potencia activa L2","W",9437.143590456792,-447.3112,41542.9375,"2025-02-06T16:35:59.596Z",0